0 0.299274209375 0.2140703609375 0.296157553125 0.2624683234375 0.40679879999999996 0.25495897031250003 0.5221150234375 0.2548054875 0.5158817140624999 0.2158675640625 0.413032109375 0.212084709375 0.299274209375 0.2140703609375
0 0.2836909328125 0.3203263328125 0.2774576234375 0.36505997031250004 0.4021238140625 0.3758994890625 0.5049734234375001 0.3685261390625 0.5002984421875001 0.32398290625000004 0.4021238140625 0.33313402187499996 0.2836909328125 0.3203263328125
0 0.321090790625 0.3754545546875 0.325765771875 0.41441968124999995 0.3990071625 0.4391723953125 0.561073209375 0.4344841578125 0.5563982281250001 0.39180029375 0.405240471875 0.3888606609375 0.321090790625 0.3754545546875
0 0.33044075781250004 0.481275321875 0.325765771875 0.52970049375 0.3958905046875 0.56380445 0.5563982281250001 0.5424090953125 0.5470482624999999 0.49608810156249994 0.40679879999999996 0.5078330046875 0.33044075781250004 0.481275321875
0 0.0624084421875 0.3316263046875 0.179283 0.33144562031249997 0.1870746328125 0.2829660546875 0.0624084421875 0.28886084375 0.0624084421875 0.3316263046875
0 0.0546168046875 0.4340275453125 0.1683747046875 0.4450574703125 0.173049690625 0.3966323046875 0.051500153125 0.383879015625 0.0546168046875 0.4340275453125
0 0.056175132812499994 0.5418436859375 0.16681638125 0.549209271875 0.1761663421875 0.5007025046875 0.0577334625 0.486035446875 0.056175132812499994 0.5418436859375
0 0 0.6328447500000001 0.046825171875 0.6256784421875 0.0452668421875 0.5829401828125 0 0.5884269765625 0 0.6328447500000001
0 0 0.45865941406250005 0.051500153125 0.44337878750000004 0.0452668421875 0.39142529062500003 0 0.40009211406249995 0 0.45865941406250005
0 0.17772467187500002 0.43745679375 0.311740828125 0.43325816250000004 0.311740828125 0.3811958625 0.17772467187500002 0.3835351234375 0.17772467187500002 0.43745679375
0 0.182399653125 0.554515371875 0.3070658421875 0.5449018437500001 0.30550751875 0.48728863593750005 0.179283 0.500648103125 0.182399653125 0.554515371875
0 0.578214809375 0.44720052499999996 0.7137892953125 0.4448340625 0.7075559859375 0.389161825 0.5750981578125 0.3896145234375 0.578214809375 0.44720052499999996
0 0.573539828125 0.55698483125 0.699764346875 0.551062840625 0.69820601875 0.49344963281250004 0.568864846875 0.49570729062499996 0.573539828125 0.55698483125
0 0 0.5480484375 0.05305848125 0.5344606171875 0.043708514062499995 0.486280253125 0 0.5000812390625 0 0.5480484375
0 0.3351157375 0.258069571875 0.33044075781250004 0.3064947359375 0.4083571234375 0.3162909125 0.5673065187499999 0.3321101171875 0.568864846875 0.283739353125 0.413032109375 0.264147009375 0.3351157375 0.258069571875
0 0.7184642765625 0.3294716484375 0.8384554859375 0.3403927671875 0.8353388328125 0.2809473953125 0.7137892953125 0.2793503171875 0.7184642765625 0.3294716484375
0 0.7169059468750001 0.43548282031249996 0.8368971578125001 0.4408258375 0.8368971578125001 0.3850448046875 0.7137892953125 0.3853342890625 0.7169059468750001 0.43548282031249996
0 0.7122309671875 0.5527046046875 0.8291055234375 0.5395083406250001 0.8400138140625 0.483536896875 0.7106726375 0.4913726625 0.7122309671875 0.5527046046875
0 0.5299066625 0.269544428125 0.6187313234375 0.273572090625 0.6218479765625 0.22331475625000002 0.5283483328125 0.21750932656250002 0.5299066625 0.269544428125
0 0.8509221046875 0.5428462703125 0.9522133859374999 0.54479695625 0.9490967328125001 0.4965077953125 0.9568883671874999 0.490793684375 0.8493637765625 0.48337369218750004 0.8509221046875 0.5428462703125
0 0.8524804328125001 0.4386944609375 0.9584466953125 0.44242292031249997 0.9568883671874999 0.392247184375 0.8540387624999999 0.3884643296875 0.8524804328125001 0.4386944609375
0 0.7994973 0.27971365000000004 0.8742970140624999 0.2765486453125 0.8789720000000001 0.22998284375 0.8026139578124999 0.225737578125 0.7994973 0.27971365000000004
0 0.6311979421875 0.27149511406250004 0.7122309671875 0.27565878125 0.7153476234375 0.2291201859375 0.632756271875 0.2212649828125 0.6311979421875 0.27149511406250004
0 0.8509221046875 0.3401751625 0.9584466953125 0.3420170515625 0.9568883671874999 0.2974194234375 0.8509221046875 0.29183159999999997 0.8509221046875 0.3401751625
0 0.5112067328125 0.479979409375 0.5953564140625 0.48966677656249996 0.6015897234375001 0.45608935468749995 0.514323390625 0.448315753125 0.5112067328125 0.479979409375
0 0.5719814999999999 0.6406835875 0.6935310375 0.6274057281250001 0.69820601875 0.5882774000000001 0.568864846875 0.5923944265625 0.5719814999999999 0.6406835875
0 0.1886329625 0.32198557656250004 0.32420744687499997 0.31775975 0.32420744687499997 0.2656974484375 0.190191290625 0.266177340625 0.1886329625 0.32198557656250004
0 0.09669164687500001 0.2789655875 0.1870746328125 0.2811066859375 0.1886329625 0.23087655312500002 0.098249971875 0.23245419374999998 0.09669164687500001 0.2789655875
0 0.7106726375 0.6252471515625 0.8010556281250001 0.6199507718749999 0.8041722859375 0.577130909375 0.7059976578125 0.58256329375 0.7106726375 0.6252471515625
0 0.6109396859375 0.48567603593750003 0.704439328125 0.49334082968750004 0.7091143140625 0.4523531375 0.6156146671875 0.4484070765625 0.6109396859375 0.48567603593750003
0 0.8680637046875 0.6113436703125 0.9366301140625 0.6175843109375 0.9350717859375001 0.57484605 0.8680637046875 0.5797344203125 0.8680637046875 0.6113436703125
0 0.179283 0.500648103125 0.2634326765625 0.48802305468749996 0.2634326765625 0.4378201234375 0.17772467187500002 0.446753634375 0.179283 0.500648103125
0 0.194866271875 0.6509848984375 0.2930409 0.64183378125 0.29771588125 0.5915492421875 0.190191290625 0.6008635625000001 0.194866271875 0.6509848984375
0 0.44108200000000003 0.644827815625 0.5579565578125 0.6372096625 0.551723246875 0.5908342656250001 0.43952367187499997 0.590933346875 0.44108200000000003 0.644827815625
0 0.7184642765625 0.48565855156250004 0.7979389765625 0.47869321249999996 0.7979389765625 0.443365225 0.7184642765625 0.4447524609375 0.7184642765625 0.48565855156250004
0 0.7200226046875 0.2718040453125 0.7901473375 0.27243938125 0.788589009375 0.2241230140625 0.7184642765625 0.2253470453125 0.7200226046875 0.2718040453125
0 0.8010556281250001 0.47863881093750005 0.8758553421874999 0.481051915625 0.8742970140624999 0.44575112343749995 0.8041722859375 0.43953768281250005 0.8010556281250001 0.47863881093750005
0 0.8836469812500001 0.469759703125 0.9475384046875 0.4853787875 0.9568883671874999 0.45174695781249996 0.8867636328125 0.441814784375 0.8836469812500001 0.469759703125
0 0.518998371875 0.3757188046875 0.6062647046875 0.38721113906250004 0.6093813578125 0.344391271875 0.5205567 0.3292074046875 0.518998371875 0.3757188046875
0 0.586006446875 0.3392211796875 0.6966476953125 0.34286803125 0.69820601875 0.2833410578125 0.5891231046875001 0.2796670046875 0.586006446875 0.3392211796875
0 0.076433390625 0.58239616875 0.1699330328125 0.6105140125 0.1761663421875 0.5657803796875001 0.08266670000000001 0.535803165625 0.076433390625 0.58239616875
0 0.325765771875 0.6412625671875001 0.42394040000000005 0.6525644953125 0.425498728125 0.6023343640625 0.328882428125 0.5928645968749999 0.325765771875 0.6412625671875001
0 0 0.2777672328125 0.0016336765624999998 0.289921671875 0.084225028125 0.2829019328125 0.08266670000000001 0.23272620000000002 0 0.24297597187500003 0 0.2777672328125
0 0.279015953125 0.43568874687500003 0.2758992953125 0.480367978125 0.388098871875 0.4932844703125 0.5002984421875001 0.4801698140625 0.4847151671875 0.44511382812500006 0.3912155234375 0.44674587031249996 0.279015953125 0.43568874687500003
0 0.5158817140624999 0.595178615625 0.5984730671875 0.5918776140625 0.6015897234375001 0.5546358546875 0.5221150234375 0.5504449828125 0.5158817140624999 0.595178615625
0 0.400565490625 0.6009102046875 0.5080900765624999 0.5841584140625 0.5049734234375001 0.5470254578125 0.400565490625 0.5655822171875 0.400565490625 0.6009102046875
0 0.18395798125 0.3778482171875 0.26654933281250004 0.3745472109375 0.26031602343750004 0.32817181562500003 0.18395798125 0.33136401875 0.18395798125 0.3778482171875
0 0 0.34500321093749997 0.0499418234375 0.3337032796875 0.043708514062499995 0.29104662187499997 0 0.29963238593749997 0 0.34500321093749997
0 0.0670834234375 0.3854663734375 0.1699330328125 0.391108596875 0.1683747046875 0.3390734984375 0.0733167328125 0.33329526875000004 0.0670834234375 0.3854663734375
0 0 0.39440767656250003 0.063966771875 0.394817615625 0.05929179062499999 0.340977546875 0 0.34345628437500003 0 0.39440767656250003
0 0.8805303234374999 0.2727211046875 0.9568883671874999 0.28254447968749996 0.9537717140625 0.241692784375 0.885205309375 0.2373115140625 0.8805303234374999 0.2727211046875
0 0.7137892953125 0.3778968171875 0.7917056671875 0.3746774140625 0.783914028125 0.337626059375 0.7137892953125 0.33513135156249996 0.7137892953125 0.3778968171875
0 0 0.5864461140625 0.0719878578125 0.5903432359375 0.0719878578125 0.5473881453125 0 0.5537983750000001 0 0.5864461140625
0 0.18856076718749998 0.6026268124999999 0.267418909375 0.5889774531249999 0.267418909375 0.5419314015625 0.18341784218749999 0.5597614921875 0.18856076718749998 0.6026268124999999
0 0.615423328125 0.586993978125 0.6925671624999999 0.5897383890625 0.7045673140625001 0.5547557546874999 0.625709171875 0.5438593484375 0.615423328125 0.586993978125
0 0.7954256140625 0.5797610609375 0.863997909375 0.58265509375 0.86571221875 0.547852 0.798854228125 0.5326551625 0.7954256140625 0.5797610609375
0 0.0719878578125 0.48193277031250004 0.1645604625 0.498726234375 0.162846153125 0.45171010625 0.0788450859375 0.4388579859375 0.0719878578125 0.48193277031250004
0 0 0.48881536875 0.0617020140625 0.49233970937500005 0.06855924218750001 0.44926492968750004 0 0.44891817031250003 0 0.48881536875
0 0.7937113046875 0.3752429328125 0.8708551421875 0.3841237859375 0.877712371875 0.3410490015625 0.79713991875 0.3383644390625 0.7937113046875 0.3752429328125
0 0.8845696000000001 0.3736569953125 0.9445703625 0.3848825640625 0.9479989765625 0.3541405078125 0.8965697531249999 0.3366288859375 0.8845696000000001 0.3736569953125
0 0.2039895328125 0.26485321875 0.2828476765625 0.265522221875 0.281133371875 0.2103241734375 0.207418146875 0.22592924218750002 0.2039895328125 0.26485321875