0 0.48944708437499995 0.25351323125 0.3919397609375 0.254316628125 0.3830146 0.291353403125 0.49199860937500006 0.2946521421875 0.5959908031250001 0.304852 0.5968154421875 0.258520103125 0.48944708437499995 0.25351323125
0 0.49032708593749996 0.369480146875 0.3982461421875 0.358052265625 0.3903572171875 0.40048779375 0.4869954109375 0.41034471562499997 0.6056733515625 0.40339465937499996 0.6032666843750001 0.36047902187499997 0.49032708593749996 0.369480146875
0 0.4830398234375 0.42264457968749997 0.33993771562499997 0.4213217703125 0.33219364375 0.461980575 0.48501192499999995 0.47089037187500005 0.556167475 0.44923989531249997 0.5636218359375 0.4121345328125 0.4830398234375 0.42264457968749997
0 0.4722982796875 0.53628608125 0.3406506125 0.5212296203125 0.32820443125 0.565236103125 0.47824821875 0.5900677984375 0.5471864421875 0.5593965453124999 0.5465402828125 0.5129960578125 0.4722982796875 0.53628608125
0 0.8148724515625 0.3364607375 0.697498209375 0.327420315625 0.701085965625 0.373957971875 0.8115407765624999 0.3773252984375 0.8148724515625 0.3364607375
0 0.8177804203125 0.4275535796875 0.701899225 0.43641752968749997 0.7025453859375 0.4828180140625 0.8109277296874999 0.4753878453125 0.8177804203125 0.4275535796875
0 0.803930178125 0.5249988375 0.6908457265625 0.535776684375 0.69590428125 0.582382928125 0.8010553187499999 0.57836903125 0.803930178125 0.5249988375
0 0.8752414484375001 0.628198878125 0.8081640953125 0.61793698125 0.8033616218749999 0.65873295625 0.8673525234374999 0.6706344 0.8752414484375001 0.628198878125
0 0.89266858125 0.45066403906249997 0.8230841984374999 0.43493480937499995 0.8131450499999999 0.4844086234375 0.880679215625 0.507176146875 0.89266858125 0.45066403906249997
0 0.6985008140625 0.4237747234375 0.5720120625 0.41787621562500005 0.5679561125 0.46762437968750004 0.6943000078125 0.47529960937500004 0.6985008140625 0.4237747234375
0 0.6879041265625 0.5356395109375 0.5696385078125 0.519423615625 0.56367719375 0.5744333546875 0.6807617234375 0.5870272203125 0.6879041265625 0.5356395109375
0 0.322432978125 0.41872200625 0.1972701734375 0.4146688015625 0.1870413125 0.46769606093749994 0.3150008640625 0.47366315625000005 0.322432978125 0.41872200625
0 0.32005941875 0.5202693984375 0.1979830703125 0.514576653125 0.192021753125 0.5695863937500001 0.31086679687499996 0.5786954046874999 0.32005941875 0.5202693984375
0 0.8917658234375001 0.5522800250000001 0.817167375 0.525616121875 0.8045763375 0.5713993234375 0.8766677546875 0.5925958890625 0.8917658234375001 0.5522800250000001
0 0.48539113437500003 0.30326139375 0.33657293125 0.3177233078125 0.33427749218749997 0.363986615625 0.48574758593749995 0.3532153203125 0.5601566874999999 0.3459843625 0.559510528125 0.2995838796875 0.48539113437500003 0.30326139375
0 0.19993344062500001 0.309567965625 0.084921375 0.3077715953125 0.0773444078125 0.3644894625 0.1916099515625 0.357333646875 0.19993344062500001 0.309567965625
0 0.19167668437500002 0.410841015625 0.075338678125 0.40719934062499996 0.0709930171875 0.4605009421875 0.18482399375 0.45867528281250003 0.19167668437500002 0.410841015625
0 0.18636153125 0.5122512390625 0.06471974375 0.5012283281250001 0.070669678125 0.555010046875 0.18011050312500002 0.57081441875 0.18636153125 0.5122512390625
0 0.380028509375 0.2555446515625 0.291201125 0.25853629375 0.2902316265625 0.3066449109375 0.3745017609375 0.305224228125 0.380028509375 0.2555446515625
0 0 0.5571335109375 0.0497887765625 0.55760326875 0.05589495 0.5008168046875 0 0.5030868921875 0 0.5571335109375
0 0 0.45841261875 0.056429878125 0.458038346875 0.058870171875 0.4099983171875 0 0.41048337031250004 0 0.45841261875
0 0.1201538265625 0.2559103265625 0.0476500875 0.25787970625 0.04844110625 0.3025034734375 0.1188946203125 0.3075723859375 0.1201538265625 0.2559103265625
0 0.28105038125 0.2562794625 0.20237373593750002 0.26152793750000003 0.201693953125 0.3060831109375 0.2786100890625 0.304319490625 0.28105038125 0.2562794625
0 0 0.36318103125 0.0655780125 0.3639407640625 0.0693442515625 0.3177460453125 0 0.3194300859375 0 0.36318103125
0 0.3753036359375 0.47647523437499995 0.29221459375 0.4815179484375 0.2954903953125 0.51377325625 0.37578269531249997 0.5068166515625 0.3753036359375 0.47647523437499995
0 0.312526940625 0.6126588515625 0.19059544687500002 0.6051893859375 0.19196588125 0.6427062718750001 0.3058191046875 0.6587163984375 0.312526940625 0.6126588515625
0 0.6958603078125 0.31129265781250004 0.5692267015625 0.3071708703125 0.5651707515625 0.356919034375 0.6929854468750001 0.364662846875 0.6958603078125 0.31129265781250004
0 0.7853897265625001 0.281581628125 0.700083359375 0.2776035640625 0.697643065625 0.32564359375 0.7832391390625 0.3260682125 0.7853897265625001 0.281581628125
0 0.1836760140625 0.5995162890625 0.0913053609375 0.5916418453125 0.0909152875 0.6326435828125 0.17593194375 0.6401750890625 0.1836760140625 0.5995162890625
0 0.2795568234375 0.4737937828125 0.19087428906249998 0.475008703125 0.19209987343749999 0.5143023046875 0.2810721140625 0.5095339453125 0.2795568234375 0.4737937828125
0 0 0.624356609375 0.0282503375 0.6225874484375 0.0307128765625 0.5923832109375 0 0.5892108234375 0 0.624356609375
0 0.6935757312499999 0.48418321249999996 0.6132611875 0.473304028125 0.6093500921875 0.521275471875 0.6879041265625 0.5356395109375 0.6935757312499999 0.48418321249999996
0 0.6697863421875 0.6311022828125 0.568880603125 0.619262878125 0.5693819062500001 0.6674400890625 0.66146285 0.6788679703125 0.6697863421875 0.6311022828125
0 0.43489300468750003 0.6147981546875 0.32885058749999996 0.6116365906250001 0.31934600625 0.655780246875 0.42922139843749996 0.666254453125 0.43489300468750003 0.6147981546875
0 0.18262891718750002 0.46749029843749995 0.1076181453125 0.4639923453125 0.10486589375 0.497750028125 0.1794421 0.5065781375 0.18262891718750002 0.46749029843749995
0 0.19972185 0.25783731875 0.13353587656250002 0.2547508890625 0.128298834375 0.30087702968749996 0.19462966406249999 0.3021867359375 0.19972185 0.25783731875
0 0.1020246578125 0.460164553125 0.0352592671875 0.46418500625 0.0310362140625 0.497874103125 0.1019242953125 0.497612853125 0.1020246578125 0.460164553125
0 0 0.4921226890625 0.024551348437500002 0.48687084531249997 0.0237825828125 0.46008286875 0 0.4627691171875 0 0.4921226890625
0 0.3786911828125 0.362490796875 0.293551921875 0.37457179687500003 0.2931618453125 0.4155735390625 0.3765406 0.40697738906250003 0.3786911828125 0.362490796875
0 0.3177422484375 0.313278228125 0.21435172656249998 0.313807278125 0.21118715312499997 0.3707309078125 0.31604847812500003 0.370270446875 0.3177422484375 0.313278228125
0 0.7764862953125 0.57187288125 0.6857757890625 0.5979618875 0.6881824562500001 0.6408775203125 0.77874810625 0.616565234375 0.7764862953125 0.57187288125
0 0.539319759375 0.619667853125 0.4472610625 0.6260757640625 0.44482076875 0.67411579375 0.538495121875 0.66599975625 0.539319759375 0.619667853125
0 0.881738209375 0.2949919859375 0.80009771875 0.2822675 0.794715821875 0.33017035625 0.8722336265624999 0.3391356421875 0.881738209375 0.2949919859375
0 0.491786503125 0.4783401890625 0.4035385390625 0.47422495 0.386078290625 0.5072967625 0.49110671562499997 0.52289536875 0.59816311875 0.5136198921874999 0.598698046875 0.47084143437500003 0.491786503125 0.4783401890625
0 0.359982596875 0.573851903125 0.2845372578125 0.5756841171875 0.2845817515625 0.61135569375 0.36238926718750003 0.6167675375 0.359982596875 0.573851903125
0 0.4736909609375 0.591638759375 0.3764511015625 0.5710529265625001 0.3706123953125 0.60645015625 0.47093870937500004 0.625396440625 0.4736909609375 0.591638759375
0 0.6966735671875 0.373752209375 0.6247492515624999 0.3686147109375 0.6152446687500001 0.4127583671875 0.6930521828125 0.4181702140625 0.6966735671875 0.373752209375
0 0.8903400328125001 0.35246431718750004 0.8323771890625 0.33906050625 0.8231623171875 0.3796507171875 0.88098030625 0.39483125 0.8903400328125001 0.35246431718750004
0 0.801100328125 0.3786219078125 0.7108021421874999 0.3815449640625 0.705275390625 0.431224540625 0.8029275765625 0.42864442187499996 0.801100328125 0.3786219078125
0 0.8856824124999999 0.391483575 0.8137580984375001 0.386346075 0.80514489375 0.4376651984375 0.878829721875 0.4393178421875 0.8856824124999999 0.391483575
0 0 0.3029638 0.0428476171875 0.2986756828125 0.04118746875 0.264712240625 0 0.2661740796875 0 0.3029638
0 0.19558778125 0.3628695671875 0.1291120953125 0.36333658281250003 0.118860990625 0.398528046875 0.19225610625 0.40373413593749996 0.19558778125 0.3628695671875
0 0.8661001687500001 0.592871121875 0.7856773140625 0.5832348125 0.7823308671875 0.624280578125 0.86370985 0.622189521875 0.8661001687500001 0.592871121875
0 0.6793906359374999 0.592012321875 0.6013825703125 0.572678665625 0.597717415625 0.6176335468749999 0.6711901328125001 0.6328317265625001 0.6793906359374999 0.592012321875
0 0.2625793015625 0.564727334375 0.1871943296875 0.5729838765624999 0.19581143125 0.60673956875 0.2689409640625 0.6062258125 0.2625793015625 0.564727334375
0 0.099796859375 0.5492883828124999 0.0354193046875 0.56198221875 0.034328296875 0.595285196875 0.099367740625 0.594394171875 0.099796859375 0.5492883828124999
0 0.7876510359375 0.479341315625 0.70725265 0.4893260640625 0.7019694734375 0.5342054953125001 0.7907766609375 0.5206888890625 0.7876510359375 0.479341315625
0 0.8824767015624999 0.491611253125 0.7965623703125 0.489566834375 0.799687996875 0.5309144015625 0.8778309484375001 0.5286724453125 0.8824767015624999 0.491611253125
0 0.11655356718750001 0.363680621875 0.040187990624999996 0.3640434734375 0.043313615625 0.405391046875 0.1169212203125 0.3990136078125 0.11655356718750001 0.363680621875
0 0 0.3999322984375 0.0311662453125 0.3950146234375 0.0227085 0.3593043765625 0 0.3662691703125 0 0.3999322984375
0 0.6827131765625001 0.27236267812500004 0.6142538640625 0.2554362984375 0.608333275 0.30813396875 0.682921475 0.309650228125 0.6827131765625001 0.27236267812500004