0 0.4067966796875 0.0205033546875 0.3938417375 0.1164620890625 0.6225754125 0.1441192375 0.6107613234375 0.06465155 0.4067966796875 0.0205033546875
0 0.3909548453125 0.2164967640625 0.5914428609375 0.26031987968750003 0.6050506390625 0.17382574687500002 0.39833302187499997 0.1231510921875 0.3909548453125 0.2164967640625
0 0.38002921875 0.32518333125 0.5766787859375 0.371782040625 0.58608628125 0.2911642015625 0.390884021875 0.2321627453125 0.38002921875 0.32518333125
0 0.362873996875 0.4270183484375 0.5675622921875 0.4649651765625 0.5748696515625 0.387285478125 0.3716286609375 0.336935903125 0.362873996875 0.4270183484375
0 0.33926898906249997 0.49377055312499996 0.3267466921875 0.570962628125 0.59343225 0.5896304531250001 0.5343218828125 0.5088747734375 0.33926898906249997 0.49377055312499996
0 0.316332259375 0.72044574375 0.5589016171875001 0.7650692234375 0.5725802140625 0.66290911875 0.32827254375 0.61812309375 0.316332259375 0.72044574375
0 0.3022287375 0.916601703125 0.5451599203125 0.95812449375 0.5536235781250001 0.8554767578125 0.3134453671875 0.8204804265625001 0.3022287375 0.916601703125
0 0.530888190625 1 0.53190625 0.9662887453125 0.300419603125 0.9321051312499999 0.29393765625 0.9979508453125 0.3158522 1 0.530888190625 1
0 0.0347345796875 0.076614153125 0.020403150000000002 0.16930965781250001 0.306068509375 0.2210974109375 0.35163419687499997 0.2974520578125 0.362347359375 0.23576341875 0.3682859515625 0.230049675 0.3461128078125 0.133940753125 0.0347345796875 0.076614153125
0 0.0209851609375 0.1944402328125 0.00665373125 0.2871357390625 0.300287 0.34593758281250003 0.337231946875 0.4058135375 0.348086753125 0.3127929421875 0.3216425078125 0.23822627968750001 0.0209851609375 0.1944402328125
0 0 0.44404266718749996 0.2687218046875 0.4809048859375 0.3287682890625 0.508461271875 0.3302078734375 0.42082933437500003 0.300145359375 0.377269534375 0 0.32737336250000004 0 0.44404266718749996
0 0 0.5750603296875 0.2503394609375 0.6233739140625 0.3122658984375 0.6197608890625 0.3242061828125 0.517438240625 0.2874106015625 0.5014595328125 0 0.474584740625 0 0.5750603296875
0 0 0.6945315875 0.23311341562500001 0.7408749125 0.2964163390625 0.7405251140625 0.3030708625 0.653380809375 0.25555439999999996 0.623861546875 0 0.5885285984374999 0 0.6945315875
0 0 0.8252351093750001 0.237108953125 0.8572257390625 0.288817978125 0.8056395234375 0.2831626671875 0.7486893640625001 0.23717205625 0.7663305734375 0 0.7205581984375 0 0.8252351093750001
0 0 0.97046573125 0.028594854687499997 0.9731395390625 0.2400190125 0.982878634375 0.26985362031250004 0.9229779718750001 0.2607216859375 0.865702725 0.2326962125 0.9100999515625 0 0.8688630937499999 0 0.97046573125
0 0.9021360515625 0.69999380625 0.9568861578125001 0.7036658953125 0.9639511640625 0.6431221171875 0.9061869640625 0.650220278125 0.9021360515625 0.69999380625
0 0.9916201140625001 0.20319478124999998 0.9527132578125 0.2063345015625 0.9471442140624999 0.2841767515625 0.987720840625 0.28691371875 0.9916201140625001 0.20319478124999998
0 0.29714771875 0.809552934375 0.54254086875 0.8450368875000001 0.5544103328125 0.75838021875 0.3093790078125 0.7197955687500001 0.29714771875 0.809552934375