0 0 0.10440863125 0.014225381249999999 0.1032166171875 0.0179845390625 0.0489814265625 0 0.0502144984375 0 0.10440863125
0 0.26912922968749997 0.0376588859375 0.0456544671875 0.049616842187499996 0.044717971875 0.1170394765625 0.2583167 0.1127893234375 0.26912922968749997 0.0376588859375
0 0.27125116875 0.1283452109375 0.0376646046875 0.137934721875 0.0415875296875 0.1981446953125 0.26772778124999996 0.192656665625 0.27125116875 0.1283452109375
0 0.27023608125 0.192409090625 0.0494268046875 0.21083697968749998 0.0461391828125 0.28522469687499996 0.257229615625 0.2812221203125 0.27023608125 0.192409090625
0 0.2622462171875 0.28072696874999997 0.038850046875 0.2960436796875 0.0405004453125 0.3665774921875 0.25911578281250003 0.3618321828125 0.2622462171875 0.28072696874999997
0 0.26444674687499997 0.37477204999999997 0.0432445203125 0.3764061734375 0.03454734375 0.4344952703125 0.2608447703125 0.43572475 0.26444674687499997 0.37477204999999997
0 0.27597317656250003 0.4375980515625 0.059787553125000004 0.438737025 0.0414501140625 0.5146101890625 0.2671974109375 0.49232839375 0.27597317656250003 0.4375980515625
0 0.2777807546875 0.5148493640625 0.054463174999999996 0.5335248296875 0.05093978125 0.597836284375 0.26665386562500004 0.5765447921875 0.2777807546875 0.5148493640625
0 0.28217522968750003 0.595211859375 0.0561921625 0.607417390625 0.055098484375 0.668122521875 0.273871003125 0.6700947203125 0.28217522968750003 0.595211859375
0 0.273871003125 0.6700947203125 0.047966528125000005 0.6856590125 0.0471086203125 0.7564403937499999 0.26791790312499997 0.7380125046875 0.273871003125 0.6700947203125
0 0.274584903125 0.8080511593749999 0.046014943749999995 0.8171455203125 0.0449212703125 0.8778506515625001 0.2710615171875 0.8723626156250001 0.274584903125 0.8080511593749999
0 0.51682911875 0.09400655625 0.30628882343749997 0.1215204 0.3033155703125 0.209343128125 0.5189510578125 0.18469288125 0.51682911875 0.09400655625
0 0.7739334999999999 0.12249389531249999 0.5474003015625 0.1111881625 0.5540673078125 0.18122682343750002 0.767901809375 0.1870529265625 0.7739334999999999 0.12249389531249999
0 0.7657078671875001 0.2007355140625 0.5498366031249999 0.2153095046875 0.5464703921875 0.28633846093750004 0.769787978125 0.2676629953125 0.7657078671875001 0.2007355140625
0 0.5217737234375 0.197880315625 0.29853473125 0.21991453593750002 0.31272664687499996 0.28921046875 0.521072996875 0.2753792046875 0.5217737234375 0.197880315625
0 0.7722176875 0.26405666562499996 0.55438825625 0.3023894984375 0.5485137421874999 0.3736660390625 0.7614837484375 0.3425458640625 0.7722176875 0.26405666562499996
0 0.7642278234375001 0.352374546875 0.5437329078124999 0.38423744531250004 0.5474986578125 0.43772991718750004 0.760783028125 0.4200447546875 0.7642278234375001 0.352374546875
0 0.520293684375 0.3495193484375 0.29681891875 0.361477303125 0.30356451406249996 0.43487472031249996 0.5166131125 0.40711329375 0.520293684375 0.3495193484375
0 0.5209289953125 0.484117034375 0.2996481703125 0.48239241093749996 0.294088021875 0.5671039546875 0.5250876953125 0.5544032703124999 0.5209289953125 0.484117034375
0 0.5432745406249999 0.5795402640625 0.309766565625 0.592488528125 0.30114797968749996 0.6539363796875 0.52195725625 0.635508490625 0.5432745406249999 0.5795402640625
0 0.780705446875 0.6268019781249999 0.552685621875 0.6594076062500001 0.546732515625 0.727325390625 0.7846283749999999 0.6870119531250001 0.780705446875 0.6268019781249999
0 0.7715433140625 0.772466228125 0.5537138828125 0.810799059375 0.5476035968749999 0.8719993374999999 0.780482853125 0.8321810515625 0.7715433140625 0.772466228125
0 0.7782889109375 0.8458636374999999 0.55810835625 0.8911615546875 0.5518408890625001 0.9456443234374999 0.777431003125 0.9166450265625 0.7782889109375 0.8458636374999999
0 0.5205492171875 0.6827786046875 0.30507090625 0.7141463546875 0.31181650156249996 0.7875437703125 0.5221996156250001 0.7533124109375 0.5205492171875 0.6827786046875
0 0.5243215546875 0.8439987421874999 0.315975203125 0.8578300000000001 0.3101792796875 0.9324652859375 0.5258147703125 0.9078150468749999 0.5243215546875 0.8439987421874999
0 0.786789378125 0.1346910296875 0.9695049515624999 0.11067075156249999 0.9677316109375 0.03488270625 0.767659446875 0.06924900625 0.786789378125 0.1346910296875
0 0.8103137796875 0.2804955515625 0.9727798453125001 0.2506315078125 0.9712593875 0.1856509828125 0.8011384749999999 0.21070447187500002 0.8103137796875 0.2804955515625
0 0.8096916437499999 0.361353196875 0.9747330734374999 0.3341075140625 0.97329165625 0.2725050109375 0.8231696578125 0.292692684375 0.8096916437499999 0.361353196875
0 0.9763523390625 0.4786277359375 0.9775253562499999 0.45344258281250005 0.9767964109375 0.42228928593750004 0.791432796875 0.44058511562499997 0.795512909375 0.5075125984375 0.9763523390625 0.4786277359375
0 0.9751224578125001 0.50503376875 0.7935547374999999 0.5312714453125 0.8101763656250001 0.59696104375 0.9719505093749999 0.5731367796875 0.9751224578125001 0.50503376875
0 0.9694798453125 0.626182925 0.7937970937500001 0.6490753687499999 0.80540211875 0.7152601234375 0.9664400390625 0.6914487984375 0.9694798453125 0.626182925
0 0.7697225624999999 0.4797595796875 0.551578765625 0.5046573999999999 0.5406090546875 0.5730703359375 0.76925760625 0.567334725 0.7697225624999999 0.4797595796875
0 0.962664521875 0.77251065 0.827276121875 0.7905308359375 0.834257484375 0.8740045046875 0.9587171718749999 0.85726183125 0.962664521875 0.77251065
0 0.9657545750000001 0.706165978125 0.8055593 0.7219776312499999 0.8220237421875 0.780949728125 0.9630327578125 0.7646044843750001 0.9657545750000001 0.706165978125
0 0.26839603125 0.8658926875 0.040219021875 0.8917808125000001 0.0444563140625 0.9654257984375001 0.27286909375 0.9496139359375 0.26839603125 0.8658926875
0 0.7394789187499999 0.6914683109374999 0.544695753125 0.7477254828125 0.5537138828125 0.810799059375 0.7537494234375 0.7641229953125 0.7394789187499999 0.6914683109374999
0 0.5723002703125 0.9604574828124999 0.5739864234375001 0.9747670484375 0.789319778125 0.9535131343750001 0.7905226515625 0.9389184140625 0.5723002703125 0.9604574828124999
0 0.3073953171875 0.98970049375 0.47088463281250004 0.9849434406249999 0.5293281703125 0.979174925 0.5314601031249999 0.934189915625 0.30296873281250003 0.9466430296875 0.3073953171875 0.98970049375