0 0.41314596562499994 0.227785734375 0.42710317968749995 0.25110451562499997 0.5151773015625001 0.12132700156250001 0.6076856578125 0.1616518609375 0.5911320296875 0.10877513125 0.49234813125 0.0767569125 0.41314596562499994 0.227785734375
0 0.452854275 0.2412151015625 0.47287048593750003 0.269711746875 0.5477438984375 0.197001046875 0.6607015515625 0.238853534375 0.6481511671875 0.1916761359375 0.5280524984375 0.14827764062499998 0.452854275 0.2412151015625
0 0.4933190859375 0.3350300609375 0.5059777421875 0.375465209375 0.588641096875 0.3276376765625 0.7028973078125 0.3523737953125 0.6933764203125 0.307785328125 0.5689496968750001 0.27891426875 0.4933190859375 0.3350300609375
0 0.7591585453125 0.48247058281250005 0.7545243687500001 0.42244601406250004 0.6183947390625 0.38723828125000004 0.5334590828125 0.44907178593749997 0.5634292671875001 0.49518787968750005 0.6388433390625 0.45255659687499994 0.7591585453125 0.48247058281250005
0 0.5030558171874999 0.429924709375 0.513875259375 0.45739680937499994 0.6203422234375 0.393459075 0.7367624609375001 0.41093147500000005 0.732435103125 0.3616682234375 0.6037885968750001 0.3405823421875 0.5030558171874999 0.429924709375
0 0.5816055671875 0.5745121671875 0.5991329390625 0.6304992921875 0.6736815375 0.5780153593749999 0.8024363140625 0.5923589828125 0.793889171875 0.5508809109375 0.6591836640625 0.5246171656249999 0.5816055671875 0.5745121671875
0 0.6430596359375 0.7637248546875 0.8353270296875 0.7115969546875001 0.8207208874999999 0.6649410171875 0.6305092515624999 0.7165474546875 0.6430596359375 0.7637248546875
0 0.6514971140625 0.9395265593750001 0.667185271875 0.9825506390625 0.7915044203125 0.954373265625 0.8853120296875 0.913791071875 0.8420335640625 0.8676933578125 0.7718130203125 0.9056498578125 0.6514971140625 0.9395265593750001
0 0.6138459578125001 0.7979943546875 0.6345111 0.8498281593750001 0.7426007343750001 0.812337978125 0.8423590734375 0.7836759046874999 0.82667091875 0.740651825 0.7382733765625 0.7630747265625 0.6138459578125001 0.7979943546875
0 0.17229482499999998 0.5641864 0.029103148437499997 0.5746084640625 0.044105207812500005 0.6225290703125 0.1918779515625 0.6196520640625 0.17229482499999998 0.5641864
0 0.1466513046875 0.6311242453125 0.04911390625 0.63852819375 0.061030578125 0.67659324375 0.1439459203125 0.6720992375 0.1466513046875 0.6311242453125
0 0.222822575 0.6050878671875 0.369213690625 0.6048856781249999 0.355581290625 0.561340134375 0.20919017499999998 0.561542325 0.222822575 0.6050878671875
0 0.2569035734375 0.713951725 0.40967850156249996 0.6987006359375 0.39615437343750004 0.648412840625 0.2361301609375 0.6688601734375 0.2569035734375 0.713951725
0 0.1724010046875 0.7488162109375 0.0840207796875 0.750030115625 0.09732270781249999 0.7925200453125 0.1889546328125 0.801692940625 0.1724010046875 0.7488162109375
0 0.3311245703125 0.93685730625 0.4757847453125 0.916949815625 0.4583656453125 0.8542204328125 0.3114331734375 0.8881338968750001 0.3311245703125 0.93685730625
0 0.28254430468749997 0.90217663125 0.142752846875 0.9376361031249999 0.160918909375 0.9956633828125 0.2856813796875 0.9618139984375 0.28254430468749997 0.90217663125
0 0.496908978125 1 0.4791383609375 0.963102671875 0.3451044828125 1 0.496908978125 1
0 0.50153793125 0.7156883374999999 0.58539156875 0.65748669375 0.5587757 0.593732765625 0.479790775 0.6674863906249999 0.50153793125 0.7156883374999999
0 0.5343203734374999 0.8416685640624999 0.6323477671875 0.7933011890625 0.6087613984375 0.732136196875 0.509327175 0.8043621921874999 0.5343203734374999 0.8416685640624999
0 0.564289859375 0.9515753468750001 0.6621007109375 0.9166924812499999 0.6362420421875 0.8695334593749999 0.5535786890625001 0.917360990625 0.564289859375 0.9515753468750001
0 0.41379350156249994 0.378704271875 0.45599134843750005 0.30085246875 0.43738196250000005 0.2484972015625 0.4362999484375 0.25212905937499996 0.37754777968750003 0.34089481875 0.41379350156249994 0.378704271875
0 0.8412791515625001 0.5959357 0.9232928781249999 0.588561696875 0.9118245078125 0.5377524359375 0.808387740625 0.5404884171875 0.8412791515625001 0.5959357
0 0.8783896500000001 0.7073884890625 0.95748215 0.6906832984375 0.9479612625 0.64609483125 0.8492849390625 0.6711250453125001 0.8783896500000001 0.7073884890625
0 1 0.77641610625 0.9912390328124999 0.755983234375 0.89656595 0.7867127765624999 0.9345426187499999 0.8442275296874999 1 0.819520625 1 0.77641610625
0 0.6821245921875 0.243491559375 0.7729020046875 0.2641111171875 0.7645714031249999 0.2091485359375 0.66957420625 0.19631415624999998 0.6821245921875 0.243491559375
0 0.7428221578125 0.352318653125 0.8273240296875001 0.38124485625000004 0.81780314375 0.3366563890625 0.7301635015625 0.3118835078125 0.7428221578125 0.352318653125
0 0.7850179125000001 0.4658389140625 0.8674640281249999 0.4952865796875 0.8629201265625 0.4595078375 0.7724675265625 0.4186615140625 0.7850179125000001 0.4658389140625
0 0.8950543359375001 0.4983602140625 0.9697105109375 0.5029247125 0.9610550953124999 0.4681888953125 0.8791496375 0.46882064375 0.8950543359375001 0.4983602140625
0 0.8765532234375 0.4392626921875 0.9439601124999999 0.4490234375 0.9386590109374999 0.3966497890625 0.8506945546875 0.3921036703125 0.8765532234375 0.4392626921875
0 1 0.506564034375 0.9839925359375 0.506016728125 0.9976249359375 0.5495622703125 1 0.5494363124999999 1 0.506564034375
0 0.457394690625 0.595947284375 0.5322681031250001 0.5232365859375 0.5196094453125 0.48280143906250006 0.44235546406250004 0.5762603656249999 0.457394690625 0.595947284375
0 0.5518477453124999 0.8976556890625 0.624989515625 0.869030378125 0.6054063890625 0.8135647140625 0.5309660609375 0.8593063937500001 0.5518477453124999 0.8976556890625
0 1 0.6529487140625 0.9630004890625001 0.6657817500000001 0.9747936749999999 0.6963642484375 1 0.694204021875 1 0.6529487140625
0 1 0.8299583765625 0.9407098890625001 0.8426631421874999 0.9605095578125 0.8846442953125001 1 0.8797976125 1 0.8299583765625
0 0.5615879609375 0.6735968984375 0.578249859375 0.719731371875 0.6978085640625 0.6692597671875 0.7800388359375 0.6484012531250001 0.7481211671875 0.596064365625 0.6782254375 0.6137941015624999 0.5615879609375 0.6735968984375
0 0.22087369375 0.7264484515625 0.21254309375 0.6714858703125001 0.2104873359375 0.6720073328125 0.062905934375 0.6825836375 0.0820371171875 0.743693765625 0.22087369375 0.7264484515625
0 0.663399965625 0.8357854265625001 0.6725960375 0.9006006578125 0.7529870921875 0.8667790984374999 0.8936440234375 0.8411722781250001 0.8729788828125 0.7893384734375 0.7446564921875 0.8118165156250001 0.663399965625 0.8357854265625001
0 0.4230971484375 0.5005679359374999 0.5042461031250001 0.419550596875 0.47643994687499996 0.3661707828125 0.39496618125 0.4674148890625 0.4230971484375 0.5005679359374999
0 0.2885431953125 1 0.34010479843749997 0.9513663609374999 0.2879536796875 0.9478080249999999 0.235261203125 0.9779609640625001 0.1753167046875 1 0.2885431953125 1