0 0 0.647235059375 0.034039379687499996 0.64085295 0.0480043171875 0.56948746875 0 0.572938465625 0 0.647235059375
0 0.012892271875 0.7558709828125 0.13846850156249998 0.7793330640625 0.1542949546875 0.7146695578125 0.138072665625 0.673642403125 0.028941015625 0.6688376546875 0.012892271875 0.7558709828125
0 0.1251252625 0.8123891140625 0.23837935 0.8146581953125 0.246138046875 0.7614962265624999 0.23572259375 0.718205175 0.15784086718749998 0.721643303125 0.1251252625 0.8123891140625
0 0 0.5540798859375 0.0525261609375 0.5510121781249999 0.06462958125 0.4729447171875 0.0547454828125 0.44894427031250006 0 0.45837062968750003 0 0.5540798859375
0 0.0240649375 0.674452540625 0.162807290625 0.6584283796875 0.16888158749999999 0.6049946390625001 0.1693261671875 0.5602549984375 0.0442361140625 0.5848835421875 0.0240649375 0.674452540625
0 0.20767149218749997 0.4608150828125 0.22837402343750002 0.3905366890625 0.10634370625 0.3740483453125 0.0891870859375 0.451300490625 0.20767149218749997 0.4608150828125
0 0.013541940625000002 0.3282770671875 0.10940343906250001 0.3329314734375 0.12243762031250001 0.258215003125 0.0320112734375 0.2528153078125 0.013541940625000002 0.3282770671875
0 0 0.4398325140625 0.07779570625 0.433458475 0.095306559375 0.3690667328125 0.0060183546875 0.35901683125 0 0.3836065453125 0 0.4398325140625
0 0.2351567890625 0.36282375624999996 0.2466836828125 0.29426571562500003 0.1312138453125 0.27243425781249997 0.1044821890625 0.3673463796875 0.2351567890625 0.36282375624999996
0 0.042568434375000005 0.2096809953125 0.1404798234375 0.213113865625 0.1439389625 0.1560573703125 0.06074604375 0.1354111640625 0.042568434375000005 0.2096809953125
0 0.2635728390625 0.2681834125 0.2781143015625 0.1873085140625 0.1590985453125 0.158503315625 0.1383508453125 0.2575817296875 0.2635728390625 0.2681834125
0 0.2852513 0.172455984375 0.2984625984375 0.10416971562499999 0.1869380765625 0.0733723875 0.1746575375 0.1450096390625 0.2852513 0.172455984375
0 0.06668218125 0.11115737031249999 0.1611062015625 0.14252243281250002 0.176078046875 0.07482096875000001 0.08633638437499999 0.0308544859375 0.06668218125 0.11115737031249999
0 0.2847056625 0.63968649375 0.28896361718749997 0.5507507625 0.1858159140625 0.5501123171875 0.1793422125 0.6194856718749999 0.2847056625 0.63968649375
0 0.32433955000000003 0.43482768906249997 0.33586645000000004 0.366269646875 0.238525584375 0.3633673 0.2254914046875 0.43808376875 0.32433955000000003 0.43482768906249997
0 0.31090596718749997 0.525483775 0.3183104234375 0.4594614109375 0.2069178515625 0.4638943015625 0.203059303125 0.5368904109375 0.31090596718749997 0.525483775
0 0 0.8647891765625 0.09808454375 0.8656408062500001 0.11541827812500001 0.79481886875 0.0038485859375000002 0.792821559375 0 0.8189393781250001 0 0.8647891765625
0 0.3491645171875 0.36201361875 0.3696899328125 0.28530502343749997 0.2836085015625 0.265014471875 0.2653440125 0.332485425 0.3491645171875 0.36201361875
0 0.372173140625 0.2536975578125 0.3872459515625 0.1921132625 0.3011645265625 0.171822709375 0.2827229171875 0.23286346249999998 0.372173140625 0.2536975578125
0 0.2091835828125 0 0.193675671875 0.0744594734375 0.31796690625 0.0817101671875 0.331178203125 0.013423898437500002 0.2860621234375 0 0.2091835828125 0
0 0.4133107390625 0.16431060625 0.4197844453125 0.0949372515625 0.314598109375 0.081166625 0.30156393125 0.1558830953125 0.4133107390625 0.16431060625
0 0.09388804687499999 0 0.0917669953125 0.0086661703125 0.17780761875 0.046292721875 0.1935904921875 0 0.09388804687499999 0
0 0.2047329859375 0.902053021875 0.217544878125 0.84970636875 0.120957653125 0.8437248078125 0.10925363749999999 0.9058526468749999 0.2047329859375 0.902053021875
0 0.309610259375 0.874163228125 0.310541015625 0.8775142109375 0.332750828125 0.8010773859375 0.243831953125 0.79953389375 0.2317737046875 0.8488013296875 0.309610259375 0.874163228125
0 0.25979035 0.7701006015625 0.3421487484375 0.7769872078125 0.35438411406250003 0.734149975 0.3417077421875 0.7000965640625 0.26945573437500003 0.6948405890625 0.25979035 0.7701006015625
0 0.294450671875 0.8717172812499999 0.223129425 0.8698122875 0.2086331328125 0.9218871703125 0.261923315625 0.9522508703125 0.2903638796875 0.9568396531250001 0.3048661265625 0.9150083359375 0.294450671875 0.8717172812499999
0 0.27322393749999996 0.6794445171875 0.3594824828125 0.7061652703125 0.356867328125 0.702542509375 0.3644037328125 0.671750365625 0.36524771562499997 0.611071109375 0.2759294375 0.62546723125 0.27322393749999996 0.6794445171875
0 0.405055153125 0.5342727828125 0.4162278125 0.45285434375 0.3230093875 0.447416321875 0.3133440046875 0.5226763359375 0.405055153125 0.5342727828125
0 0.3502219484375 0 0.332772259375 0.0712957078125 0.42408399843750005 0.098831778125 0.43596513281249993 0.0431341421875 0.37497410468750003 0 0.3502219484375 0
0 0.44105278124999997 0.380040275 0.44087566718750004 0.37361007343749997 0.4582094 0.3027881296875 0.37492024375 0.2925505421875 0.3571871015625 0.3793120921875 0.44105278124999997 0.380040275
0 0.495446853125 0.1935670296875 0.5137113421875 0.1260960765625 0.424438234375 0.11169218125 0.408966015625 0.18921609374999998 0.495446853125 0.1935670296875
0 0.473768390625 0.28929445781249996 0.48791044687499996 0.22435917500000002 0.404444171875 0.2076913828125 0.3964631875 0.28322316875000003 0.473768390625 0.28929445781249996
0 0.316479796875 0.9104805328125 0.313886996875 0.960635021875 0.34996680625 0.9664563703125 0.38323403125 0.9596608296875001 0.38762393125 0.9059553250000001 0.316479796875 0.9104805328125
0 0.3981297265625 0.8916463328124999 0.41151813906249995 0.829790265625 0.32707593749999997 0.838571503125 0.3222866328125 0.9082166296875 0.3981297265625 0.8916463328124999
0 0.422777578125 0.8124020625 0.43279719375000003 0.750002453125 0.347024828125 0.771372321875 0.3414818796875 0.8440966671875 0.422777578125 0.8124020625
0 0.45593776249999995 0.6769166109375 0.46427298125 0.6142452296875 0.39144445 0.6184986734375 0.38328634687499996 0.6876002546875 0.45593776249999995 0.6769166109375
0 0.518986825 0.1045415734375 0.5243074812499999 0.0541870453125 0.4608768703125 0.0343503109375 0.4441196625 0.095662834375 0.518986825 0.1045415734375
0 0.4687948234375 0.595769946875 0.48218323906249994 0.533913878125 0.40279423124999997 0.5435104296875 0.3968970515625 0.603374365625 0.4687948234375 0.595769946875
0 0.497565109375 0.5139899984375 0.501955009375 0.46028449374999997 0.42575768125 0.4639943890625 0.419283978125 0.5333677421874999 0.497565109375 0.5139899984375
0 0.5139680890625 0.439817071875 0.521549665625 0.380224909375 0.44965189062500005 0.3878293359375 0.44149378749999996 0.45693091875 0.5139680890625 0.439817071875
0 0.5386159375 0.36057280625 0.5340524921875 0.28621783125 0.46627715625 0.291286584375 0.45661177343750003 0.366546596875 0.5386159375 0.36057280625
0 0.4925012015625 0.8780655218750001 0.4855864921875 0.8705482343750001 0.494098828125 0.81430705625 0.42033953906250004 0.8152095078125001 0.41031992031250003 0.87760911875 0.4925012015625 0.8780655218750001
0 0.54960076875 0.6376150015625 0.546676553125 0.5923318156249999 0.4878997296875 0.5892500125 0.4720732765625 0.653913525 0.54960076875 0.6376150015625
0 0.5959199374999999 0.7059038546874999 0.5856816015625 0.6690430046875 0.5332429624999999 0.682987909375 0.5262379109374999 0.733070659375 0.5959199374999999 0.7059038546874999
0 0.5939336203125001 0.42071110625 0.6048839953125 0.3616624796875 0.5331633375 0.3756971078125 0.524651 0.4319382890625 0.5939336203125001 0.42071110625
0 0.5754468375 0.5105518765625 0.588258728125 0.45820522343750003 0.516760359375 0.44987003437500006 0.50674074375 0.5122696453125 0.5754468375 0.5105518765625
0 0.552660503125 0.5964981218750001 0.566979675 0.5379930374999999 0.49286615312500004 0.5260350875 0.4871460890625 0.59232923125 0.552660503125 0.5964981218750001
0 0.63498444375 0.2672939078125 0.637290540625 0.22925624843749998 0.564639121875 0.2399398859375 0.5572346640625 0.30596225 0.63498444375 0.2672939078125
0 0.6338242546874999 0.529573296875 0.6434444640625 0.4831133078125 0.5820524859375 0.47640874218749996 0.574470909375 0.5360009125 0.6338242546874999 0.529573296875
0 0.548308634375 0.8646641687500001 0.5620512796875 0.81566850625 0.503274459375 0.8125867 0.4938313671875 0.865476890625 0.548308634375 0.8646641687500001
0 0.5277832203124999 0.9413727656249999 0.54454043125 0.8800602421875 0.48500996562500004 0.88005765625 0.4738824765625 0.9326760734375 0.5277832203124999 0.9413727656249999
0 0.7085523296875 0.746482375 0.717418903125 0.70310159375 0.6513279625 0.708442115625 0.6501297421875 0.7562609671875 0.7085523296875 0.746482375
0 0.7276156359375 0.647132184375 0.7404275265625 0.5947855328125 0.691979384375 0.570964540625 0.673892009375 0.6448656953125 0.7276156359375 0.647132184375
0 0.713232640625 0 0.705736315625 0.0354477609375 0.8101690093749999 0.0522976 0.8158438984374999 0.014803475 0.8079254984375 0.0122455453125 0.7320295046874999 0 0.713232640625 0
0 0.59762219375 0.0980242328125 0.5369838578125 0.08824045625 0.5282944046875 0.1380514328125 0.5896863812500001 0.144756 0.59762219375 0.0980242328125
0 0.5648614125 0.21757006875 0.58254938125 0.15960852812499998 0.5185422484375 0.149281209375 0.5066611156249999 0.20497884531250002 0.5648614125 0.21757006875
0 0.656964821875 0.4564874625 0.6639698796875 0.40640470625 0.603508659375 0.4030511296875 0.601733915625 0.4603793984375 0.656964821875 0.4564874625
0 0.6311116109375 0.826811140625 0.6386931875 0.767218971875 0.5712720859375 0.785148125 0.5698967484375 0.8265367765624999 0.6311116109375 0.826811140625
0 0.7121125296875 0.266934996875 0.7088340796875 0.2087914171875 0.6506337796875 0.1962001984375 0.6426979671875 0.24293196562500002 0.7121125296875 0.266934996875
0 0.8148608265625 0.2835130640625 0.8229737578125 0.2432115 0.7816174375 0.233338 0.7701357140625 0.2730960203125 0.8148608265625 0.2835130640625
0 0.7631686859375 0.5376393125 0.756253978125 0.530122025 0.76738146875 0.47750360000000003 0.719287559375 0.4665430125 0.7064756703125 0.5188896578125 0.7631686859375 0.5376393125
0 0.6695315890625 0.398508890625 0.6850589609375 0.341696190625 0.621149134375 0.3343504640625 0.606484209375 0.39426821875 0.6695315890625 0.398508890625
0 0.713231709375 0.46191184218750003 0.7282457984375 0.40056746875 0.6684229640625 0.38646641875 0.6540862734374999 0.458300734375 0.713231709375 0.46191184218750003
0 0.656050728125 0.6988555515625 0.67305681875 0.6393155328125 0.6185116578125001 0.6334807703124999 0.6053254515625001 0.690671209375 0.656050728125 0.6988555515625
0 0.8022202734375 0.35021909375 0.812880265625 0.3000358078125 0.75712349375 0.292522596875 0.7461963984375 0.347111640625 0.8022202734375 0.35021909375
0 0.8330288453125 0.227656265625 0.84255928125 0.1787736796875 0.7913207265625 0.166057671875 0.7803726953125001 0.2339898828125 0.8330288453125 0.227656265625
0 0.5501726890625 0 0.5433837328125 0.064250459375 0.6724115281249999 0.062924634375 0.6715315890625 0.004654684375 0.5729121390625 0 0.5501726890625 0
0 0.46220307812500006 0 0.460586865625 0.0066035 0.5301599203125 0.0316688578125 0.5412384203125 0 0.46220307812500006 0
0 0.75099301875 0.7723751515624999 0.757149428125 0.7231886828125 0.705973384375 0.7400215046875 0.7020998374999999 0.8039133890624999 0.75099301875 0.7723751515624999
0 0.839990028125 0.8333300124999999 0.8518050046875001 0.785056534375 0.809266565625 0.7746088390625 0.803110159375 0.8237953093750001 0.839990028125 0.8333300124999999
0 0.658316796875 0.9187143499999999 0.6620891796875 0.9193230109374999 0.66467154375 0.8767284203125 0.6059507390625 0.8923439203125 0.6023261125 0.9311860765625 0.658316796875 0.9187143499999999
0 0.784353428125 0.6200498359375 0.7944805515625 0.578672565625 0.751296521875 0.5788735171875 0.7430555859375 0.6205551171875 0.784353428125 0.6200498359375
0 0.826394028125 0.6805969890625 0.8363228171875001 0.6320191796875 0.78201998125 0.637594696875 0.78047988125 0.6839417203125 0.826394028125 0.6805969890625
0 0.8496273140625 0.5696489437500001 0.85598205625 0.5276630156250001 0.8155281453125 0.524720190625 0.807485546875 0.5736023296874999 0.8496273140625 0.5696489437500001
0 0.8273937046875 0.44419643437499995 0.8354363046875 0.3953142953125 0.7914083468750001 0.3989633515625 0.7852519359375 0.4481498265625 0.8273937046875 0.44419643437499995
0 0.9352060281250001 0.4042432359375 0.9352566124999999 0.3719929671875 0.8912286578125 0.375642021875 0.8823421281250001 0.42797227343750005 0.9352060281250001 0.4042432359375
0 0.7379574421874999 0.1286874984375 0.7461983734375 0.08700589843749999 0.6972080234375 0.04684304375 0.6744725796875 0.10769163125 0.7379574421874999 0.1286874984375
0 0.2749535046875 0.65091626875 0.16599896875 0.65254171875 0.1514575125 0.7334166140625 0.2609885703125 0.72228175 0.2749535046875 0.65091626875
0 0.1889208203125 0.48019541875 0.0760209671875 0.49078674062500005 0.0550961453125 0.5834349515625 0.185416509375 0.5660519328125 0.1889208203125 0.48019541875
0 0.5138706 0.7406776703125 0.44330298749999997 0.735693465625 0.42446197343750003 0.8126738343750001 0.49972854531250005 0.8056129562500001 0.5138706 0.7406776703125
0 0.5252203796875 0.665689428125 0.45500700624999996 0.673565628125 0.44028842343749997 0.7480103265625 0.5172393953125 0.7412212140625 0.5252203796875 0.665689428125
0 0.6358628875 0.5427054703125 0.5555431234375 0.548951040625 0.551684575 0.62194715 0.6164905218750001 0.6003952390625 0.6358628875 0.5427054703125
0 0.692246840625 0.5197947046875 0.6362622921875001 0.52676585625 0.629257240625 0.57684860625 0.6927330234375 0.567885328125 0.692246840625 0.5197947046875
0 0.6453440078125 0.70427581875 0.582045340625 0.719669303125 0.5838165140625 0.7839713140625 0.6499526265625 0.749830765625 0.6453440078125 0.70427581875
0 0.742872709375 0.34871752968749997 0.6953553218749999 0.32824752031250004 0.679351753125 0.3864808328125 0.7340061375 0.3920983125 0.742872709375 0.34871752968749997
0 0.700675978125 0.277893 0.6997452203125001 0.27454201718750004 0.647528875 0.2661170984375 0.63227894375 0.321271190625 0.691410003125 0.3372133984375 0.700675978125 0.277893
0 0.77696365 0.21658306875000002 0.7212013921875 0.201184403125 0.7143734515625 0.2576973546875 0.7645059953125 0.2817901203125 0.77696365 0.21658306875000002
0 0.7905291812499999 0.16115720312499998 0.745849240625 0.121940134375 0.72909203125 0.1832526578125 0.78015533125 0.21069640937499998 0.7905291812499999 0.16115720312499998
0 0.6826194875 0.809515253125 0.68111220625 0.8156736828125 0.617059903125 0.8341463812500001 0.6077939234375 0.8934667796875001 0.668477434375 0.8744505374999999 0.6826194875 0.809515253125
0 0.8945631078125 0.1722104484375 0.8473293671875 0.1721655171875 0.8438028296875 0.217052921875 0.8895256781249999 0.21988450624999997 0.8945631078125 0.1722104484375
0 0.886314825 0.2330033640625 0.8380321859375 0.22369791874999997 0.829364684375 0.26927105625 0.8748984609375 0.2796481921875 0.886314825 0.2330033640625
0 0.8653925125 0.29478179375 0.8203831875 0.2890349125 0.8132265765625 0.3318214015625 0.85939003125 0.3362392828125 0.8653925125 0.29478179375
0 0.8482893499999999 0.351115575 0.8061127296875 0.3473409609375 0.7993128796875 0.3886697953125 0.8396218484375 0.39668871875 0.8482893499999999 0.351115575
0 0.9191993390625001 0.1155768796875 0.8778628546875 0.084663975 0.8653762031250001 0.1356817671875 0.904950265625 0.1602494609375 0.9191993390625001 0.1155768796875
0 0.8610539906250001 0.122862684375 0.8159822015625 0.100438384375 0.7979139828124999 0.1505556046875 0.8465319984375 0.17203686406250002 0.8610539906250001 0.122862684375
0 0.807316390625 0.08843369375 0.7477029187500001 0.07123920624999999 0.742035815625 0.12487251562499999 0.7912835125 0.1403945234375 0.807316390625 0.08843369375
0 0.7244509671875 0.149309103125 0.6657187062500001 0.1352872296875 0.6541971156249999 0.192521575 0.7179864953124999 0.20281376093749998 0.7244509671875 0.149309103125
0 0.79333346875 0.3589159921875 0.74387531875 0.364573015625 0.735732265625 0.414776415625 0.78999600625 0.3962578359375 0.79333346875 0.3589159921875
0 0.8255190828125001 0.46108266875000004 0.777593203125 0.45031957499999997 0.7667012859375 0.5015946718750001 0.8180895515625 0.5083707656249999 0.8255190828125001 0.46108266875000004
0 0.8113324671875001 0.5224326718750001 0.8143542484375 0.5168593734375 0.7653580843750001 0.5104692265625 0.7499335 0.5701042703125 0.8058544328125 0.56852041875 0.8113324671875001 0.5224326718750001
0 0.83835741875 0.5813407265625 0.79590788125 0.582067715625 0.7885621953124999 0.632399765625 0.8410421328125001 0.6211694359375 0.83835741875 0.5813407265625
0 0.8615469093750001 0.48659340625 0.8279736421875 0.47814604687499995 0.8176275578125001 0.520417934375 0.8518305078124999 0.5229060328124999 0.8615469093750001 0.48659340625
0 0.9120753484374999 0.47656342812499997 0.8691013609375 0.4726601546875 0.8595312640625 0.52869415625 0.9043729015625 0.5283531265625 0.9120753484374999 0.47656342812499997
0 0.8781256265625 0.4256293609375 0.838614025 0.4177390984375 0.8270085875 0.4719294890625 0.865282215625 0.4781048015625 0.8781256265625 0.4256293609375
0 0.9070019171875 0.32119309218750003 0.863419634375 0.30961560781249997 0.8506600703125 0.365135 0.8939908171875001 0.367580625 0.9070019171875 0.32119309218750003
0 0.888304015625 0.3772695734375 0.8505762234375001 0.362091046875 0.8403978328124999 0.410450840625 0.8799094343749999 0.4183411046875 0.888304015625 0.3772695734375
0 0.9183344375000001 0.271504303125 0.9162990984375 0.26966069375 0.9190479609375 0.2685890015625 0.8871532703125 0.26344290937500003 0.8731771140625 0.30361387500000003 0.904882734375 0.316305528125 0.9183344375000001 0.271504303125
0 0.9822667390625 0.41667353125 0.9413280937499999 0.4146138640625 0.933541803125 0.4633596171875 0.9821341312499999 0.4592037765625 0.982540478125 0.44756750468749995 0.9822667390625 0.41667353125
0 0.9052524234374999 0.5891035687499999 0.9568923593750001 0.5974354875000001 0.9652647921874999 0.5632275046874999 0.966630009375 0.5550654374999999 0.9140876125 0.5496183375 0.9052524234374999 0.5891035687499999
0 0.895514634375 0.6390496625 0.8855056234375001 0.6359195296875 0.8754110765625001 0.6873232781249999 0.9354003984375 0.6852470562499999 0.9386789015625 0.6718517921875 0.9423077718749999 0.6375082828124999 0.895514634375 0.6390496625
0 0.879734978125 0.6425645234374999 0.9471998718749999 0.6370369218749999 0.9551240359375001 0.604660478125 0.9113584453125 0.5946343890625 0.891697178125 0.5869164796875 0.879734978125 0.6425645234374999
0 0.9320590578125 0.2222014703125 0.93401055625 0.22100111875 0.9002695984375 0.2064658609375 0.8880558687500001 0.2529820453125 0.9227832640625 0.2601003953125 0.9320590578125 0.2222014703125
0 0.9637219078125 0.2621600625 0.9254482796874999 0.2559847515625 0.9118913453124999 0.31137549062500003 0.9541518124999999 0.318194065625 0.9637219078125 0.2621600625
0 0.9894301171875 0.143575709375 0.9517647828125 0.14507461093750001 0.9395296671875 0.2052242640625 0.9802792406249999 0.2148294875 0.9894301171875 0.143575709375
0 0.98175371875 0.4700973390625 0.9815729125000001 0.46353319531250003 0.9319470687500001 0.46310231249999995 0.92877729375 0.5065320640625 0.9799374999999999 0.50327795625 0.9807044546875 0.5001443375 0.98175371875 0.4700973390625
0 0.80727640625 0.7354233140625 0.761553559375 0.73259173125 0.755886453125 0.7862250421875 0.8043581671875 0.7879849265625001 0.80727640625 0.7354233140625
0 0.7946845328125 0.7970306140625001 0.7504725718749999 0.7914123890625 0.7412592359375 0.8459887374999999 0.791430909375 0.8374164125 0.7946845328125 0.7970306140625001
0 0.7265498640625 0.84513065 0.675916196875 0.86575014375 0.6691163453125 0.90707898125 0.723653003125 0.8840587937500001 0.7265498640625 0.84513065
0 0.7451639140624999 0.7860102140625 0.6904595687499999 0.8029424953125 0.6819383718750001 0.8682370109375 0.7363911859375001 0.84217286875 0.7451639140624999 0.7860102140625
0 0.4352711203125 0.3859958625 0.3440144953125 0.3727871453125 0.326617028125 0.44725600625000006 0.42551195 0.4495754265625 0.4352711203125 0.3859958625
0 0.44071011093749995 0.6907024578125001 0.363649803125 0.7024835687500001 0.3529511796875 0.7516078484375 0.43339813749999995 0.7476375187500001 0.44071011093749995 0.6907024578125001
0 0.7234109765625 0.65754911875 0.676112846875 0.6443533453125 0.6650918671875 0.6993319265625 0.7125904421875 0.70922140625 0.7234109765625 0.65754911875
0 0.7662087140625 0.6766960328125 0.72644664375 0.6725063265625 0.7140539265625 0.7306022140625 0.7577307484375 0.728746290625 0.7662087140625 0.6766960328125
0 0.8175447546875001 0.68831755625 0.7773359125 0.6784913671874999 0.76364875 0.7319268921875 0.8085584328125 0.7324956390625 0.8175447546875001 0.68831755625
0 0.8697598796875001 0.678936228125 0.8275320796875001 0.66989716875 0.8181448609374999 0.7206878390625 0.862330034375 0.7267040796875001 0.8697598796875001 0.678936228125
0 0.853992178125 0.7309231890625 0.85574910625 0.7312066625 0.80968384375 0.720435559375 0.8043804109374999 0.7819010390625001 0.8486428734375 0.78013960625 0.853992178125 0.7309231890625