0 0.5091518765624999 0.888824521875 0.2990924953125 0.8776856984375 0.273968484375 0.971635996875 0.49245429218750003 0.9777130484375001 0.5091518765624999 0.888824521875
0 0.533364034375 0.77502760625 0.3260757390625 0.7676626734374999 0.30444388125 0.862234478125 0.5146164234375 0.8569898328125 0.533364034375 0.77502760625
0 0.55674196875 0.6807665468749999 0.3446325578125 0.6627014296875 0.3219756875 0.753810090625 0.5369693453125 0.75926563125 0.55674196875 0.6807665468749999
0 0.3593156375 0.5111206578124999 0.34478123906249997 0.5905520046875 0.539620684375 0.6285086109375 0.625023134375 0.5649704890625 0.3593156375 0.5111206578124999
0 0.652155059375 0.3827980390625 0.4009109171875 0.36104877812499997 0.3771158703125 0.4650777671875 0.6301060890625 0.48713777968749994 0.652155059375 0.3827980390625
0 0.70559128125 0.18890339843749998 0.45506820000000003 0.164001740625 0.43271527968749995 0.261725940625 0.678304084375 0.2923108828125 0.70559128125 0.18890339843749998
0 0.7212638499999999 0.09655173125 0.482772509375 0.0508263265625 0.4586735109375 0.14823977500000002 0.6955319359375001 0.1772709578125 0.7212638499999999 0.09655173125
0 0 0.9272491703125001 0.2269375921875 0.946862225 0.28174489375 0.8581947031249999 0.277948790625 0.8509576593749999 0.288877878125 0.787288284375 0.21816509687500002 0.8501600312500001 0 0.8307021906250001 0 0.9272491703125001
0 0 0.80769425 0.23923116875 0.8375055843749999 0.2907371140625 0.771215565625 0.31236897343750003 0.6766437578125 0.25573795625 0.7256180484375 0 0.7075412859375 0 0.80769425
0 0 0.66699606875 0.26644072812499997 0.6947156125 0.31073605312499997 0.659949534375 0.339656171875 0.5732362734375 0.27175 0.5841159625000001 0 0.5479344265625 0 0.66699606875
0 0 0.5160678453124999 0.2970292859375 0.5689306234375 0.3383272046875 0.563157590625 0.36212225 0.45912860312500003 0.303172778125 0.43879510625 0.0085806890625 0.4158925796875 0 0.4567143234375 0 0.5160678453124999
0 0.388497590625 0.3358744984375 0.3270809828125 0.3183826421875 0.0482035734375 0.2982768890625 0.0226624546875 0.401995125 0.30841100312499997 0.43972736250000005 0.3648157015625 0.42352001718750004 0.388497590625 0.3358744984375
0 0.40363989062499994 0.26967423749999997 0.37122103281249996 0.20485160468750002 0.062773496875 0.1630795859375 0.0452416921875 0.271503978125 0.33983378124999997 0.2944065046875 0.37843824531250003 0.32424205625 0.40363989062499994 0.26967423749999997
0 0.4258020203125 0.148951028125 0.4175242734375 0.081863375 0.0911212296875 0.00736929375 0.075639453125 0.1227199796875 0.3852251625 0.1515716640625 0.397108221875 0.20289734375 0.4258020203125 0.148951028125
0 0.17465111875 0 0.40624911875 0.043768774999999996 0.4255335890625 0.08656953125 0.46409594062500004 0.0212566484375 0.45811610468749997 0 0.17465111875 0
0 0.6639183640625 0.2995928046875 0.41309133750000004 0.2680756 0.39392661093750003 0.3598057703125 0.6454747078125 0.38817057187500004 0.6639183640625 0.2995928046875