0 0.9880112140625 1 0.9939652640625001 0.9325529671874999 0.958778359375 0.9142709859375 0.7817921640625001 0.9166021203125 0.9477606953125 1 0.9880112140625 1
0 0.9179467421874999 1 0.8426543953125 0.9781175781250001 0.797521565625 0.9887400749999999 0.8220516359375001 1 0.9179467421874999 1
0 0.635023021875 0.4264450984375 0.5201086046875 0.42652609375 0.5160570390625 0.47242191718750004 0.630718234375 0.475209409375 0.800810853125 0.5009043203125 0.7994881796875 0.46582361250000004 0.635023021875 0.4264450984375
0 0.6099809406250001 0.50986439375 0.529957315625 0.5152161359375 0.513581371875 0.5505299625 0.61079716875 0.5506820859375 0.7855043609375 0.5741673484375001 0.78468813125 0.5333496578125 0.6099809406250001 0.50986439375
0 0.607758496875 0.5851039499999999 0.4925908578125 0.5880534328125 0.50263623125 0.6244518343750001 0.6167909796875 0.63297630625 0.777654453125 0.6630905109375 0.7691284140625 0.6094811734375 0.607758496875 0.5851039499999999
0 0.587584209375 0.6634451140625 0.49883788906250004 0.6674791703125 0.5001605640625 0.7025598796875 0.6099539625 0.7104255140625 0.78826283125 0.7431750874999999 0.7928208421875 0.6915422859375 0.587584209375 0.6634451140625
0 0.37794717968749997 0.4381015796875 0.2532799171875 0.45382810312500005 0.24275495937499997 0.4814806328125 0.3766993078125 0.47513076718749997 0.37794717968749997 0.4381015796875
0 0.3625071265625 0.475645240625 0.24006582656250003 0.489049625 0.229425065625 0.5180138671875001 0.3696999140625 0.5086326984375 0.3625071265625 0.475645240625
0 0.3733671328125 0.53577075625 0.239422784375 0.542120621875 0.2366437171875 0.5736016890625 0.369430121875 0.580368934375 0.3733671328125 0.53577075625
0 0.36778313281249997 0.5761325187499999 0.229618459375 0.5845032531250001 0.22707097968749998 0.6133609015625 0.3576314234375 0.6224502843749999 0.36778313281249997 0.5761325187499999
0 0.3666769203125 0.634450365625 0.22556565156250002 0.63041314375 0.22466516250000002 0.6635072015625 0.373290734375 0.6739963796875 0.3666769203125 0.634450365625
0 0.562383884375 0.889979284375 0.51296193125 0.85460011875 0.435580590625 0.8841158734375 0.49873154687500004 0.9242274046875 0.562383884375 0.889979284375
0 0.4849436265625 1 0.504071621875 0.978202240625 0.44855076406250005 0.943230953125 0.40201133906250003 0.9667721921875 0.46075639687500003 0.9968476640624999 0.48162390468750005 1 0.4849436265625 1
0 1 0.6915428 0.8939710249999999 0.67813725625 0.883381271875 0.721190215625 1 0.7353994 1 0.6915428
0 0.82412036875 0.7003306265625 0.7810689281250001 0.7265724 0.9585633453125 0.7667812671875 0.9553644968749999 0.7261106140625 0.8267426296875 0.6962614890625 0.82412036875 0.7003306265625
0 0.2326493546875 0.453207675 0.10130452187500001 0.45420409062499995 0.0893891578125 0.4866378359375 0.2317706609375 0.48879708749999995 0.2326493546875 0.453207675
0 0.20868895781250002 0.5195439984375 0.0912623921875 0.5166892703125 0.0844618875 0.5424535703125 0.208328925 0.5492580671875 0.20868895781250002 0.5195439984375
0 0.21256509375000002 0.5781780375000001 0.084620515625 0.566292303125 0.08215688125000001 0.5942001734375 0.2179972109375 0.6191860578124999 0.21256509375000002 0.5781780375000001
0 0.2077674890625 0.63252494375 0.0963634390625 0.6127189296875 0.0780076015625 0.6412029031250001 0.2003186609375 0.6656334203125 0.2077674890625 0.63252494375
0 0.17654585625000002 0.7811160390625 0.076077775 0.7912420953125 0.10436122656249999 0.82974844375 0.2135030484375 0.823909525 0.17654585625000002 0.7811160390625
0 0.120080990625 0.9080327078125 0.26744768125 0.90499135625 0.26149690625 0.8698586796875001 0.111637615625 0.8755003374999999 0.10122958124999999 0.8582319578125001 0.079853209375 0.8766525421875 0.120080990625 0.9080327078125
0 0.299111753125 0.972428940625 0.3090300375 0.9722983031249999 0.286538734375 0.9450859046875 0.11709869531249999 0.94181591875 0.0697821171875 0.9138301546875001 0.0605066140625 0.9363842375000001 0.299111753125 0.972428940625
0 1 0.5382297515625 0.9119802171875 0.5214186484375001 0.9212167828125001 0.5897707578125 1 0.6039607874999999 1 0.5382297515625
0 1 0.6227654390625 0.8717466453125 0.602384628125 0.8239131453124999 0.625289259375 1 0.6562864421875 1 0.6227654390625