0 0.6440569140625 0.7787937406250001 0.5263633999999999 0.74653615625 0.5289489359374999 0.8138852984374999 0.643876153125 0.8268412484375001 0.6440569140625 0.7787937406250001
0 0.7533212078125 0.7563461609375 0.6197908875 0.7204240625 0.6159315484375 0.7715680078125 0.7516269734375001 0.7979425765625 0.7533212078125 0.7563461609375
0 0.7695405203125001 0.5325720296875 0.6382551921874999 0.528750465625 0.6359093265625 0.5863455015625 0.7675856328124999 0.580567896875 0.7695405203125001 0.5325720296875
0 0.7761367 0.41423387343750007 0.64281659375 0.4167601140625 0.645793109375 0.47451007812499996 0.7739211609375001 0.46862918750000004 0.7761367 0.41423387343750007
0 0.67735738125 0.3536952 0.5358182734375 0.3399646078125 0.538925115625 0.3945148421875 0.6729767375 0.4176380421875 0.67735738125 0.3536952
0 0.9621887375 0.512551653125 0.80572510625 0.4727584796875 0.8050230390625 0.5336048843750001 0.9560339671874999 0.576442853125 0.9621887375 0.512551653125
0 0.9661069875000001 0.6343993953125 0.8009030515625 0.5911482796875001 0.794096653125 0.671038096875 0.9633701453124999 0.7015936015625 0.9661069875000001 0.6343993953125
0 0.9402770531250001 0.6144264046875 0.9918595609375 0.6301060625 0.99394256875 0.5789645875 0.9244906796875 0.5659141125 0.9402770531250001 0.6144264046875
0 0.9373384671875 0.8610117453124999 0.78377145625 0.8373204781249999 0.788391775 0.8983218125000001 0.933088153125 0.9217548609374999 0.9373384671875 0.8610117453124999
0 0.9455784484375 0.7459249546875 0.7937855625 0.722285334375 0.799789028125 0.7929374828125 0.9399449843750001 0.7970172609375 0.9455784484375 0.7459249546875
0 0.9220229609375 0.84454834375 0.9822160343749999 0.86687135 0.9841397171875 0.8196415828125 0.9238475234375001 0.7997521984375 0.9220229609375 0.84454834375
0 0.776195609375 0.587225559375 0.671522175 0.584178634375 0.6855344234375 0.632639278125 0.7723362703125 0.6383695015625 0.776195609375 0.587225559375
0 0.6702398953125 0.4848322546875 0.538874678125 0.43936262968750006 0.5348850140625 0.493706296875 0.6677637046875 0.5456270109375 0.6702398953125 0.4848322546875
0 0.6654178390625 0.603222046875 0.5329301281250001 0.5417021609375 0.5290707859375 0.59284610625 0.6577495984375 0.6606621609375 0.6654178390625 0.603222046875
0 0.510417246875 0.614727753125 0.42473789375 0.625047790625 0.431523309375 0.6765015984375 0.5136544125 0.6660782671875001 0.510417246875 0.614727753125
0 0.49681695625 0.42532430625 0.40719837343750004 0.44514023593749996 0.42121062187499997 0.4936008875 0.498279996875 0.476623178125 0.49681695625 0.42532430625
0 0.391512871875 0.30693237500000004 0.26693306875 0.3129165578125 0.26623100625 0.37376295625 0.39409840625000003 0.37428151718749997 0.391512871875 0.30693237500000004
0 0.37046303125 0.43125683906249995 0.2608581921875 0.41845581718749997 0.255224728125 0.46954811718749995 0.37356986875 0.4858070828125 0.37046303125 0.43125683906249995
0 0.352360246875 0.526835428125 0.24972159062500002 0.5174406968749999 0.2495408265625 0.56548820625 0.3596669703125 0.56549033125 0.352360246875 0.526835428125
0 0.50728095 0.47368166875 0.43509254375 0.5452612578125 0.454296840625 0.59707655625 0.521032546875 0.5285417625 0.50728095 0.47368166875
0 0.49566500468749997 0.3227781984375 0.4114991234375 0.3395493328125 0.41499694218750005 0.38450039999999996 0.49929314687500004 0.3645295421875 0.49566500468749997 0.3227781984375
0 0.3713837859375 0.6266982359375 0.3004986328125 0.666280584375 0.301961671875 0.71757945625 0.38487472968750003 0.687957784375 0.3713837859375 0.6266982359375
0 0.334438225 0.5743665078125 0.24914984843750002 0.5750873765625 0.2521263640625 0.6328373390625 0.3338664890625 0.6320131859375 0.334438225 0.5743665078125
0 0.47508603125000004 0.47915155 0.35254100781250003 0.47878791875 0.3620927234375 0.549543353125 0.4695828921875 0.527044121875 0.47508603125000004 0.47915155
0 0.9970403093750001 0.502909709375 0.9974443390625 0.4334629078125 0.935417065625 0.42848089375000004 0.94483845625 0.50243605625 0.9967631750000001 0.5097138578125 0.9970403093750001 0.502909709375
0 0.9215646 0.4633163609375 0.821011153125 0.40272604375 0.813994540625 0.4441675328125 0.9055470328125 0.5076993640625 0.9215646 0.4633163609375
0 0.927967515625 0.7422088046875001 0.9867245578125001 0.75617928125 0.9894493437499999 0.6892810625 0.9270257781250001 0.6781110328125 0.927967515625 0.7422088046875001
0 0.766051178125 0.705460425 0.6655776234374999 0.686518165625 0.674267490625 0.7348238874999999 0.7601570609375 0.76295218125 0.766051178125 0.705460425
0 0.9919998624999999 0.2603415046875 0.810046834375 0.235823959375 0.82708603125 0.2971867875 0.9959685484374999 0.33734145937500004 0.9919998624999999 0.2603415046875
0 0.8138262828125 0.143031946875 0.6620334 0.11939232968749999 0.673619890625 0.18379995625 0.8168027999999999 0.20078191875 0.8138262828125 0.143031946875
0 0.9907680187500001 0.11614734374999999 0.829713528125 0.10184868124999999 0.8286204859374999 0.17229425781250002 0.9895446546875 0.1897926421875 0.9907680187500001 0.11614734374999999
0 0.9999001921874999 0.011337782812499999 0.85964140625 0.007255009375 0.8608363859375 0.0354807515625 0.9996900468750001 0.0474587046875 0.9999001921874999 0.011337782812499999
0 0.8369109015625 0.012359684375 0.6659431734375 0.023400596875 0.6848868234375 0.08161534687500001 0.8397570890624999 0.0733093703125 0.8369109015625 0.012359684375
0 0.691983328125 0.08182191875 0.547547596875 0.0519894203125 0.5453320578125 0.106384728125 0.693707015625 0.1267213484375 0.691983328125 0.08182191875
0 0.6951700546875 0.1780202203125 0.5394379390624999 0.1638764875 0.5462233609375 0.2153302859375 0.547997484375 0.215381928125 0.6967634203124999 0.226119371875 0.6951700546875 0.1780202203125
0 0.47987015624999996 0.0564264453125 0.3902515734375 0.076242375 0.4005852390625 0.1277994609375 0.479168090625 0.11727284375 0.47987015624999996 0.0564264453125
0 0.401543046875 0 0.40639946875 0.028659653125 0.5014707546875 0.0057989203125 0.501567084375 0 0.401543046875 0
0 0.38138094218749996 0.0759841609375 0.2478506203125 0.0400620625 0.24905300625 0.0977603859375 0.37358237656250004 0.1366239890625 0.38138094218749996 0.0759841609375
0 0.268082115625 0 0.387275059375 0.018492409374999998 0.3880282609375 0 0.268082115625 0
0 0.9988350875 0.19441371875 0.9645765609374999 0.1922693703125 0.9596746171874999 0.2690111109375 0.9983795750000001 0.2727094390625 0.9988350875 0.19441371875
0 0.6607595953125001 0.23788541406250002 0.5389965296875 0.2183234359375 0.5451303171874999 0.28577586250000003 0.660318184375 0.292332365625 0.6607595953125001 0.23788541406250002
0 0.8137758500000001 0.187879734375 0.7020059078124999 0.184626240625 0.708270021875 0.2488789390625 0.8111693343749999 0.25187422187499997 0.8137758500000001 0.187879734375
0 0.94295095625 0.9412630656250001 0.97881590625 0.9503503484375001 0.9816655609374999 0.88038643125 0.9529146265625 0.8710757015624999 0.94295095625 0.9412630656250001
0 0.65229689375 0.6637069546875 0.52001939375 0.6406353984375001 0.5212217828125 0.6983337203125 0.6427242015625 0.7242951468750001 0.65229689375 0.6637069546875
0 0.7922845953125 0.36665115 0.6895156109375 0.36045615 0.6911089765625 0.4085553 0.7882949296875 0.4209948234375 0.7922845953125 0.36665115
0 0.23332893124999998 0.0950398296875 0.2315388703125 0.0517110234375 0.21391604062499997 0.04799235625 0.1372510515625 0.053774929687499994 0.13999398125 0.0955286421875 0.21133299375 0.0895910359375 0.23332893124999998 0.0950398296875
0 0.122399875 0 0.1224068859375 0.00365476875 0.194503146875 0.000944884375 0.2397087109375 0.0038636062499999998 0.23995550156249998 0 0.122399875 0
0 0.1784670703125 0 0.1427579078125 0.005850003125 0.1429682671875 0.044324309374999996 0.20352492031249997 0.04127851875 0.2423864390625 0.0472182578125 0.24496948125 0.005619578125 0.21833814999999998 0 0.1784670703125 0
0 0.24076050468750002 0.1962351359375 0.24163343125 0.1529838375 0.216844096875 0.150659409375 0.13721531874999998 0.14193014375 0.13989304375 0.1852847953125 0.205319221875 0.193600640625 0.24076050468750002 0.1962351359375
0 0.50662371875 0.08376103593749999 0.51068128125 0.0277797203125 0.4855259421875 0.0126219015625 0.3632641484375 0.025091415625000002 0.3691664859375 0.0765541359375 0.471142465625 0.060288448437499996 0.50662371875 0.08376103593749999
0 0.3429825734375 0.130288540625 0.25824868125 0.09416237656250001 0.25932146875 0.15510155625 0.3363924296875 0.1829904578125 0.3429825734375 0.130288540625
0 0.212548915625 0.47430825 0.12555801875 0.4717760453125 0.13096393906249998 0.5136072734375 0.214143359375 0.52243989375 0.212548915625 0.47430825
0 0.2476094546875 0.4208322328125 0.24759471875 0.377555096875 0.216722159375 0.3718479078125 0.12418443593749999 0.396402534375 0.12186221718750001 0.43159744218749996 0.21045805624999997 0.41654511406249994 0.2476094546875 0.4208322328125
0 0.1426402171875 0.336031809375 0.0645511765625 0.31131895625 0.06627603125 0.3562487109375 0.138151434375 0.3807806921875 0.1426402171875 0.336031809375
0 0.219355671875 0.2853711578125 0.1256946890625 0.2938646828125 0.12419493125 0.3306863625 0.220062453125 0.33347695625 0.219355671875 0.2853711578125
0 0.3474041296875 0.3708433921875 0.25426479999999996 0.3665293671875 0.2555984140625 0.42106478125 0.34594434218750003 0.42850316718750003 0.3474041296875 0.3708433921875
0 0.48893366406250005 0.3653461046875 0.3666718703125 0.37781561875 0.36813589687500003 0.42914913749999994 0.4935571 0.42638864062500004 0.48893366406250005 0.3653461046875
0 0.11339157656250001 0.4650105296875 0.056671634375 0.43931686093750005 0.0489582375 0.475957678125 0.10896800625 0.5081584703125 0.11339157656250001 0.4650105296875
0 0.12331150937499999 0.4396538328125 0.060337962499999995 0.392941196875 0.04933474375 0.4230748859375 0.11756905937499999 0.47154349531250006 0.12331150937499999 0.4396538328125
0 0.20697685312499997 0.523834125 0.1440832484375 0.518797678125 0.1486015046875 0.5606030671875 0.20939375 0.5735925484375 0.20697685312499997 0.523834125
0 0.21654127812500001 0.41992787343750004 0.1467167609375 0.4323209296875 0.152187884375 0.472551209375 0.21718284843750002 0.4696346125 0.21654127812500001 0.41992787343750004
0 0.20237239843750002 0.6150620265625 0.14368151093749998 0.594119509375 0.141424503125 0.6277134703125 0.20448849375 0.6503861203125 0.20237239843750002 0.6150620265625
0 0.1150512234375 0.511541225 0.041922146874999996 0.474150025 0.045357121875 0.5207323984375 0.11220735468750001 0.559543675 0.1150512234375 0.511541225
0 0.1133620984375 0.3784562640625 0.060192807812500006 0.35286595 0.0555988484375 0.37837768125000004 0.053627904687500005 0.383128834375 0.10805086562499999 0.42157835937500004 0.1133620984375 0.3784562640625
0 0.1479829453125 0.0957611921875 0.07183961093749999 0.0887362203125 0.0743217171875 0.1368937046875 0.1460267375 0.14378947343749998 0.1479829453125 0.0957611921875
0 0.13217116874999998 0.0039389953125000005 0.06895153281250001 0.0069072625 0.07277774375 0.0438839828125 0.13484889375 0.0472936421875 0.13217116874999998 0.0039389953125000005
0 0.4717562875 0.2070154765625 0.3914399890625 0.16610548125 0.378797778125 0.21395258281250001 0.46827620937500003 0.248700596875 0.4717562875 0.2070154765625
0 0.26404258125 0.6533666078125 0.257373734375 0.6249410515625 0.20665145312500002 0.6532644296875 0.154918540625 0.6423480625 0.1503594515625 0.668878375 0.1988485125 0.6953844390625 0.26404258125 0.6533666078125
0 0.5105803640625 0.18826565625 0.515125884375 0.121916153125 0.4779021890625 0.1308048890625 0.35810845625 0.13064191875 0.356891378125 0.1605233109375 0.3553209375 0.1538294171875 0.35450955156249997 0.17375034375 0.4700805609375 0.187086753125 0.5105803640625 0.18826565625