0 0.3224035125 0.32641420781249997 0.12135101875000001 0.2453048171875 0.0967555515625 0.31721485 0.30795903125 0.3833672875 0.3224035125 0.32641420781249997
0 0.3013369453125 0.4363039203125 0.11047145625000002 0.39462801718749996 0.097191275 0.446110840625 0.2873653875 0.5019469812499999 0.3013369453125 0.4363039203125
0 0.0077331562500000004 0.44303219531250004 0.008674362500000001 0.496953909375 0.11978464375 0.52546241875 0.13866785625 0.4694785453125 0.00910694375 0.4365776796875 0.0077331562500000004 0.44303219531250004
0 0.011064323437499999 0.6338747031249999 0.093587971875 0.6485431640625 0.1079232265625 0.6030151984375001 0.0101530328125 0.5816668609375 0.011064323437499999 0.6338747031249999
0 0.2764498109375 0.5968797359375 0.154056990625 0.6045018875 0.1512914921875 0.6611428578125 0.2791781140625 0.6604447734375001 0.2764498109375 0.5968797359375
0 0.46364115625 0.5576106328125 0.3401572515625 0.5048874796875 0.32243833906249997 0.5554010953125 0.45654615156249995 0.60185728125 0.46364115625 0.5576106328125
0 0.4934759578125 0.4610844515625 0.37068343125 0.39420105781250003 0.34630641875 0.4432608625 0.465824509375 0.50370479375 0.4934759578125 0.4610844515625
0 0.672444015625 0.52592269375 0.586107190625 0.48417292968750003 0.5656959875 0.5255119500000001 0.6547251000000001 0.576436309375 0.672444015625 0.52592269375
0 0.5412457609375 0.6403873140624999 0.441119815625 0.5870399421875 0.41954431718749996 0.6338492234374999 0.529821246875 0.672239640625 0.5412457609375 0.6403873140624999
0 0.16497375625 0.3349726890625 0.040539896874999995 0.28889513125 0.0264741 0.354980953125 0.1532215609375 0.4011003546875 0.16497375625 0.3349726890625
0 0.33226401875 0.22552659687499998 0.14976705937499998 0.122708675 0.1380148671875 0.1888363421875 0.327388378125 0.27025784218750004 0.33226401875 0.22552659687499998
0 0.5160705140624999 0.3658395859375 0.393387215625 0.2875310765625 0.3635164 0.3296668140625 0.5073382890625 0.40686650156250004 0.5160705140624999 0.3658395859375
0 0.683031909375 0.4652652828125 0.609174665625 0.397618046875 0.594948640625 0.4317209 0.6720803203125 0.5058075890625 0.683031909375 0.4652652828125
0 0.5938935703125 0.42576603906250005 0.4791779046875 0.3864064140625 0.45923962500000004 0.436435425 0.5760654265625 0.48770476875 0.5938935703125 0.42576603906250005
0 0.5772657375 0.5366249578125 0.4742290515625 0.49695322343750004 0.453126471875 0.5524524859375 0.5595468218749999 0.587138575 0.5772657375 0.5366249578125
0 0.7140658375 0.5922557328125 0.6414089046875 0.5735286890625 0.6343138984375 0.6177753359375 0.71373815625 0.626531071875 0.7140658375 0.5922557328125
0 0.27626855625 0.4995239625 0.1601701421875 0.4884848203125 0.16067907812499999 0.55156525625 0.2717566125 0.5643703171875 0.27626855625 0.4995239625
0 0.439726615625 0.4962492390625 0.346404659375 0.44940454843750005 0.3197454046875 0.49777907343749994 0.4265410171875 0.5437846734375 0.439726615625 0.4962492390625
0 0.643512809375 0.6151078531249999 0.5766894406249999 0.5879131875 0.5677174 0.63006684375 0.6374726046875 0.6579016796875 0.643512809375 0.6151078531249999
0 0.573805703125 0.5822420609375001 0.47968247656249996 0.5679918640625 0.4802749796875 0.6084528671875 0.5655545937500001 0.6258135 0.573805703125 0.5822420609375001
0 0.70440855 0.622102753125 0.6536539953125 0.629925834375 0.65141085625 0.6596847671875 0.7028382453125 0.658310415625 0.70440855 0.622102753125
0 0.414332696875 0.5915334999999999 0.3205620125 0.5660170078125 0.3097955625 0.6166013968749999 0.40207628125 0.6443132765625 0.414332696875 0.5915334999999999
0 0.5208397265625 0.667724809375 0.4433783421875 0.652071309375 0.43836351249999994 0.690047578125 0.5179877046875 0.709954421875 0.5208397265625 0.667724809375
0 0.7318215015625 0.469282634375 0.6892377203125 0.46754655156249997 0.6832937125 0.500278478125 0.6825246796875 0.503891646875 0.7299467578125001 0.5117256390625 0.7318215015625 0.469282634375
0 0.7812457125 0.5493945109375 0.7389505171875 0.51747271875 0.726421896875 0.54750651875 0.766297946875 0.5763793546875 0.7812457125 0.5493945109375
0 0.7914508578125 0.5831319140625 0.7347047203125 0.55183581875 0.721150725 0.5866871765624999 0.7194044125 0.5900869546874999 0.77126415625 0.620316096875 0.7914508578125 0.5831319140625
0 0.8892908046875 0.618359484375 0.8378475578125 0.5957834625 0.83509173125 0.6279511734375001 0.879902271875 0.652860015625 0.8892908046875 0.618359484375
0 0.8240853187500001 0.6268082625 0.76770758125 0.608196240625 0.75564355 0.640852209375 0.8191185875 0.6597535796875 0.8240853187500001 0.6268082625
0 0.7659290265625 0.6405773406249999 0.7094550921875 0.6320272218749999 0.705049146875 0.65753280625 0.7069556078125 0.662990540625 0.7599850203125 0.673309265625 0.7659290265625 0.6405773406249999
0 0.464399596875 0.399547196875 0.37739005 0.3326546578125 0.3534062875 0.38287374218750003 0.44982022343750006 0.439216115625 0.464399596875 0.399547196875
0 0.8152575671875001 0.6538690625 0.7731864749999999 0.6497242 0.7684760859375 0.6814651296875 0.813430921875 0.691281115625 0.8152575671875001 0.6538690625
0 0.8959398937499999 0.56309496875 0.8477329234375001 0.5349237828125 0.8366942734375 0.562762190625 0.8873203921874999 0.5939823343749999 0.8959398937499999 0.56309496875
0 0.8389374125 0.5330032640625 0.8038515625 0.51525928125 0.7901374203125 0.5412531296875 0.8315996312499999 0.557868675 0.8389374125 0.5330032640625
0 0.8031147687500001 0.4898911328125 0.7457438921875 0.4471153484375 0.7367078984375001 0.470349590625 0.784305984375 0.5109914609375 0.8031147687500001 0.4898911328125
0 0.9195225031250001 0.6060551875 0.8995123328125001 0.599165196875 0.8919663046874999 0.6202040453125 0.9134664359375 0.6248986484375 0.9195225031250001 0.6060551875
0 0.747488640625 0.67436174375 0.73770695 0.7025397515625 0.79154600625 0.7268341265625 0.8028891 0.692760378125 0.747488640625 0.67436174375
0 0.596025209375 0.819000621875 0.513164740625 0.8046889453125001 0.5118507812499999 0.839692215625 0.595944871875 0.8530128906250001 0.596025209375 0.819000621875
0 0.6656044062500001 0.8140275750000001 0.610524240625 0.8133439703124999 0.607255725 0.8479204609375 0.660845921875 0.850799453125 0.6656044062500001 0.8140275750000001
0 0.5993418234375001 0.7793931765625 0.5189005015625 0.7681304531250001 0.51814733125 0.7956939937499999 0.5958169609375 0.8151740593750001 0.5993418234375001 0.7793931765625
0 0.770125159375 0.8418913703124999 0.720908671875 0.8424881125000001 0.719386465625 0.873664821875 0.7673693328125 0.8740590765625 0.770125159375 0.8418913703124999
0 0.82826506875 0.8810539796875 0.7803784 0.8705978203125 0.7839989328125 0.90163709375 0.8238591234375001 0.9065595640625 0.82826506875 0.8810539796875
0 0.9202577249999999 0.8620695125 0.8787955171874999 0.8454539671875001 0.8768087187500001 0.8740085015625001 0.9144099125 0.8847395375 0.9202577249999999 0.8620695125
0 0.7359045375 0.8104723140625 0.7358737453125 0.8381526593749999 0.77964160625 0.845229665625 0.7843038953125 0.8185196906250001 0.7359045375 0.8104723140625
0 0.732876503125 0.8198940421875 0.6744961109375 0.8058861890625 0.66613295 0.8355691609375 0.722815134375 0.8479458421875 0.732876503125 0.8198940421875
0 0.6552385921874999 0.848314715625 0.580981246875 0.8560473656250001 0.5798755375 0.8948771984375 0.6549019125 0.8835313765624999 0.6552385921874999 0.848314715625
0 0.57002293125 0.849873503125 0.503519859375 0.8403938656250001 0.5004114984375 0.8838278718750001 0.5630054484375 0.89245394375 0.57002293125 0.849873503125
0 0.49484665625 0.8523136359375 0.41656814531249997 0.845304259375 0.40657748125 0.8884958609375 0.4060958828125 0.8897014796875 0.484689090625 0.8904273421875001 0.49484665625 0.8523136359375
0 0.408067971875 0.8094184109375 0.2608672421875 0.789880440625 0.2550833828125 0.8314698796875 0.39739771562500004 0.84994089375 0.408067971875 0.8094184109375
0 0.3748087671875 0.75426238125 0.26355911249999997 0.7387933125 0.2578233484375 0.775351803125 0.25880062812500004 0.77556519375 0.3653240390625 0.7988248171875 0.3748087671875 0.75426238125
0 0.5054268484375 0.7689695390625 0.389707290625 0.76008664375 0.3871116109375 0.8011118703125 0.495525621875 0.8058788531250001 0.5054268484375 0.7689695390625
0 0.5068364765625 0.8007864234375001 0.4209479796875 0.79589648125 0.410998659375 0.8378367421874999 0.49514084687500004 0.84612646875 0.5068364765625 0.8007864234375001