0 0.5586438296875 0.3347727796875 0.8032929421875 0.3868445078125 0.8722524593750001 0.3226929421875 0.6257905328125 0.2829566578125 0.5586438296875 0.3347727796875
0 0.538260896875 0.41560032187499996 0.8185637968749999 0.47583243125 0.8251641515625 0.41162975 0.5412356296875 0.3760685203125 0.538260896875 0.41560032187499996
0 0.22697610468749999 0.37328743750000004 0.4759483578125 0.43452193906250003 0.4905440953125 0.3737838890625 0.24835868749999998 0.3242376421875 0.22697610468749999 0.37328743750000004
0 0.5002627000000001 0.82848235625 0.8253300687499999 0.8541703859374999 0.7978339328125 0.7905005218750001 0.5056545125 0.7725033 0.5002627000000001 0.82848235625
0 0.5256178375 0.5209211375 0.7875128874999999 0.590671240625 0.792602565625 0.5367480890625 0.5322648140624999 0.4756911921875 0.5256178375 0.5209211375
0 0.21328677499999998 0.4278577640625 0.454565771875 0.483571728125 0.47599497812499997 0.45349467499999996 0.47966722500000003 0.4477965265625 0.21409993593749999 0.3837445734375 0.21328677499999998 0.4278577640625
0 0.2306885078125 0.60209743125 0.46762809531249994 0.6366133734375 0.4807926828125 0.5731733390625 0.2151609390625 0.5509187671875 0.2306885078125 0.60209743125
0 0.48970636718750005 0.6432171828125 0.8079357421875001 0.725799490625 0.8094470625 0.6632364421875 0.5295160078125 0.5814454234374999 0.48970636718750005 0.6432171828125
0 0.2059338375 0.692124115625 0.467471390625 0.7422379671875 0.4623056515625 0.672830434375 0.2157598921875 0.625261840625 0.2059338375 0.692124115625
0 0.192895609375 0.8069834796875 0.4852355859375 0.856615990625 0.46466863125 0.7874491296875 0.200611390625 0.72834118125 0.192895609375 0.8069834796875
0 0.021053635937500002 0.329504975 0.1664679609375 0.3856027515625 0.19796286875 0.32813021875000004 0.030470271875 0.2654286265625 0.021053635937500002 0.329504975
0 0.013401028125 0.43385693906249995 0.18089363125 0.4965585328125 0.192420534375 0.4442622140625 0.20114469218750003 0.4371770609375 0.029904140625 0.373839153125 0.013401028125 0.43385693906249995
0 0 0.5294474859375 0.1673828046875 0.5884941593749999 0.1901535546875 0.538106784375 0.0110076953125 0.476282175 0 0.513510509375 0 0.5294474859375
0 0 0.6396329265625 0.1642969875 0.6879105890625 0.172075946875 0.634977953125 0 0.5901392671875 0 0.6396329265625
0 0.9982709140624999 0.326301665625 0.9004394859374999 0.3073910671875 0.8974573140625 0.335346746875 0.9980977015624999 0.3560743515625 0.9982709140624999 0.326301665625
0 0.9980780203125 0.3594574046875 0.8947796609375 0.33824061250000004 0.8957124593750001 0.3702094296875 0.997900103125 0.390038646875 0.9980780203125 0.3594574046875
0 0.9978585921875001 0.39717370625 0.9189251984375 0.38084735 0.9177804828125 0.411626340625 0.9976751484375 0.4287051046875 0.9978585921875001 0.39717370625
0 0.9975204203124999 0.45530060624999996 0.9388512484374999 0.44450276093749996 0.9373279312499999 0.47019477031249995 0.9973720828125 0.4807977078125 0.9975204203124999 0.45530060624999996
0 0.9973179906249999 0.490095146875 0.9494329296874999 0.479783971875 0.9457120703124999 0.5051028890625 0.99716393125 0.5165757359375001 0.9973179906249999 0.490095146875
0 0.9968876734375 0.5640604390624999 0.9970220843750001 0.5409571203125 0.957013921875 0.535483659375 0.9589069421874999 0.560918565625 0.9966796484374999 0.565475965625 0.9968876734375 0.5640604390624999
0 0.25773528749999997 0.3030309125 0.5178884984375001 0.3588470140625 0.5234607828125 0.2942722203125 0.275465021875 0.2623604546875 0.25773528749999997 0.3030309125