0 0.46296926406249994 0.6896919140625 0.4738528234375 0.7909415984375 0.74104791875 0.7586358625 0.7329190046875 0.6525808468750001 0.46296926406249994 0.6896919140625
0 0.972257253125 0.6363947765625 0.7323465203125 0.650573940625 0.7409490484375 0.7586666234375 0.96704130625 0.748383265625 0.972257253125 0.6363947765625
0 0.9780906843749999 0.5111486546874999 0.8294479515625 0.5136236234375 0.846845521875 0.6240239937500001 0.9727450328125 0.62592195625 0.9780906843749999 0.5111486546874999
0 0.6305493906249999 0.5569109546875 0.6423909625 0.6558733828125 0.845702440625 0.630964115625 0.8249590359375001 0.5318801328125 0.6305493906249999 0.5569109546875
0 0.448992196875 0.6026917265625 0.465629840625 0.6888320718750001 0.6389115890625 0.650357209375 0.622883721875 0.5475231203125001 0.448992196875 0.6026917265625
0 0.977422334375 0.5254984 0.9789544921875001 0.49260235625000004 0.9612737640625 0.3720325484375 0.6963662265624999 0.41387965781249997 0.7029730562500001 0.5317768703125 0.977422334375 0.5254984
0 0.5947801671875 0.431361915625 0.4345383515625 0.50412694375 0.4449345453125 0.5932329484375 0.7139894531250001 0.5522679921875 0.68718455625 0.42581545312499997 0.5947801671875 0.431361915625
0 0.806805878125 0.3930340203125 0.958803921875 0.3551900125 0.943981059375 0.2541087921875 0.791923584375 0.282442615625 0.806805878125 0.3930340203125
0 0.6765487171875 0.30605494375000003 0.5836560000000001 0.346397396875 0.5981098312500001 0.444962090625 0.79969718125 0.39008570625 0.7893809984375 0.2892636 0.6765487171875 0.30605494375000003
0 0.420234215625 0.3974781609375 0.4317763796875 0.512608665625 0.5989770609375 0.450875978125 0.5840145515625 0.3507796546875 0.420234215625 0.3974781609375
0 0.76573595 0.149388896875 0.65687048125 0.20828569218749998 0.675671034375 0.31828042343749996 0.9448208828125001 0.2598357765625 0.9228582328125 0.11006635625000001 0.76573595 0.149388896875
0 0.3992499515625 0.2999076671875 0.40556772656250006 0.4158337046875 0.6756814859375 0.30014105625 0.6529081531250001 0.1920751359375 0.3992499515625 0.2999076671875
0 0.74593851875 0.030394665625 0.7660250234375 0.1513601640625 0.9221839171875 0.105468003125 0.91216819375 0.03716800625 0.74593851875 0.030394665625
0 0.5470720421874999 0.12423759999999999 0.5621040328125 0.22674491093750002 0.7616784203125 0.13993010781249998 0.7372563078125001 0.043116778125 0.5470720421874999 0.12423759999999999
0 0.3797110796875 0.212193671875 0.39415435312499997 0.328897846875 0.567189071875 0.21589420937499998 0.5379789749999999 0.118829725 0.3797110796875 0.212193671875
0 0.890869634375 0.9006649046874999 0.6808727343750001 0.8779035390625 0.69382710625 0.9662430046875 0.831728725 0.9720666734375 0.8908356703125 0.96306734375 0.890869634375 0.9006649046874999
0 0.518292875 0.9683384687500001 0.6762980046875 0.9579650093750001 0.65821358125 0.884090228125 0.49962631875 0.8781319890624999 0.518292875 0.9683384687500001
0 0.4768301390625 1 0.49936971249999995 0.9876399499999999 0.4783478171875 0.8813717453125 0.3546023734375 0.9275798328124999 0.3704961109375 1 0.4768301390625 1
0 0.297195246875 0.7091724 0.433732296875 0.68838395 0.4274782015625 0.596287609375 0.28031530625 0.594063396875 0.297195246875 0.7091724
0 0.20071050000000001 0.6198672359375 0.40896100156250004 0.5936334999999999 0.386355475 0.5012900203124999 0.17694070625 0.49486035937499995 0.20071050000000001 0.6198672359375
0 0 0.6624544765625 0.1825992640625 0.5952575390625 0.164135690625 0.4940732625 0 0.5319258375 0 0.6624544765625
0 0 0.5218441859375 0.2384208703125 0.46907936093749997 0.20832995156249998 0.3751388515625 0 0.3900208640625 0 0.5218441859375
0 0.25869787187500004 0.49609603125 0.3983753765625 0.4967232109375 0.385028446875 0.40570679062500004 0.2404372796875 0.3839339609375 0.25869787187500004 0.49609603125
0 0.1571098875 0.371990471875 0.384446315625 0.3893750875 0.37109938750000004 0.298358665625 0.132352 0.25260747499999997 0.1571098875 0.371990471875
0 0 0.36307056875 0.12580108125 0.34391672500000003 0.1075404875 0.23175465312500002 0 0.24509513593749999 0 0.36307056875
0 0.22060646093749997 0.2610640734375 0.35771223750000003 0.28123986562500003 0.344162325 0.20120123906249998 0.20352353750000002 0.156932865625 0.22060646093749997 0.2610640734375
0 0 0.22049696875000002 0.19835326874999998 0.2452951765625 0.18638699375 0.15133181874999999 0 0.11373613593750001 0 0.22049696875000002
0 0.608724253125 0.0248036125 0.5415911859375 0.02206815 0.3615420734375 0.1219268625 0.38218481875 0.20088556875000002 0.6243694890625 0.0846467921875 0.608724253125 0.0248036125
0 0.097956365625 0.10458793749999999 0.33353648593749996 0.1781885765625 0.33396925624999996 0.1069679015625 0.18354504062500002 0.05926330625 0.1430183609375 0.065433696875 0.097956365625 0.10458793749999999
0 0 0.7222423390625 0.0137706578125 0.8161482843750001 0.2837946921875 0.7166861453125 0.2546918671875 0.6171217484375 0 0.681132175 0 0.7222423390625
0 0.20753331875 0.7529278203125 0.015640703125 0.8289006406249999 0.030338128125000002 0.92912646875 0.23053140625 0.8479482515625 0.20753331875 0.7529278203125
0 0.26067594843749997 0.84335859375 0.4455089984375 0.7686925578125 0.428412671875 0.689193890625 0.2357150796875 0.7349533984375001 0.26067594843749997 0.84335859375