0 0.5780904296875 0.22583732343750001 0.59775584375 0.1669134890625 0.3927671765625 0.039568360937500005 0.3501667125 0.049048384375 0.2745952515625 0.17508505624999998 0.47374381718749997 0.345230728125 0.5780904296875 0.22583732343750001
0 0.3912927953125 0.431048896875 0.39844644375 0.39131091093750003 0.29150118593749996 0.30315670156249996 0.23165450625 0.36108186249999996 0.1963493828125 0.44398800937500005 0.3081330328125 0.5111848328125 0.3912927953125 0.431048896875
0 0.8169760328125 0.5651965437500001 0.8315951609375001 0.5106262874999999 0.7452508296875 0.438265384375 0.6203883609374999 0.497736284375 0.6177801484375001 0.5440422703125 0.6945327625 0.6141887500000001 0.8169760328125 0.5651965437500001
0 0.4593230109375 0.670258390625 0.4957715359375 0.6786731968749999 0.51351860625 0.6193064796875001 0.3506484265625 0.54583400625 0.2945344875 0.596343034375 0.29323981875 0.6457115765625 0.38644483281249997 0.7058598796875 0.4593230109375 0.670258390625
0 0.9031124734375 0.6209536375 0.8289869484375 0.5569322734375 0.6755760953125 0.678794815625 0.7381915609374999 0.740158875 0.9031124734375 0.6209536375
0 0.697481259375 0.39136598125 0.7049278671875 0.324102609375 0.582531915625 0.22410341875 0.48110535312499997 0.3220965515625 0.47557708906249996 0.38980280624999997 0.5652572546875 0.4739710578125 0.697481259375 0.39136598125
0 0.18483932187500002 0.4413307015625 0.224793821875 0.3732944625 0.24224792968750003 0.34145313125 0.061233839062499996 0.206536284375 0.026782801562500003 0.35576012343749996 0.18483932187500002 0.4413307015625
0 0.108916496875 0 0.084858809375 0.10420529375000001 0.2111009 0.196297159375 0.2623575703125 0.11431441875 0.11561339687500001 0 0.108916496875 0
0 0.56860239375 0.7920631031250001 0.5857446640624999 0.735316059375 0.45498546875 0.6802942 0.3971422015625 0.694533053125 0.396556278125 0.7495838265625 0.5037944984375 0.8102126484375001 0.56860239375 0.7920631031250001
0 0.0120079484375 0.6879348640625 0.09589608125 0.7215604859375 0.1165632015625 0.64079349375 0.0104058953125 0.596153340625 0.0120079484375 0.6879348640625
0 0.0076559265625 0.43860772031249995 0.0089966734375 0.5154190390625 0.1446107328125 0.58932343125 0.166591396875 0.5116189984374999 0.0077905203125 0.4380247265625 0.0076559265625 0.43860772031249995
0 0.2870501296875 0.5587442046875 0.15337088593749998 0.5251226171875001 0.14198364375 0.5831983140625 0.2695109515625 0.63471473125 0.2870501296875 0.5587442046875
0 0.33562282187500003 0.8734813421875 0.365276859375 0.7975484484375001 0.2636046546875 0.7740755703125 0.185264409375 0.7808230203125001 0.1931645484375 0.85162946875 0.2655418734375 0.82694955625 0.33562282187500003 0.8734813421875
0 0.50068543125 0.8674402140625 0.37326207031249997 0.8242257000000001 0.35895478125 0.9037016687499999 0.48112396406249996 0.93466595 0.50068543125 0.8674402140625
0 0.5222691859374999 0.8089592640625 0.4333166421875 0.7829043453125 0.42313900000000004 0.8357406968750001 0.5083588046874999 0.8692117515625 0.5222691859374999 0.8089592640625
0 0.950031603125 0.549006703125 0.9559756500000001 0.5145080656250001 0.8843732687499999 0.44830991249999996 0.8342033750000001 0.46432030312499994 0.8395803718750001 0.5373035390625 0.896837715625 0.5781154609375 0.950031603125 0.549006703125
0 0.6378140250000001 0.667317453125 0.6797057453125 0.6521551984375 0.7006847031250001 0.596293921875 0.5786005875 0.5212004453125 0.5088503531249999 0.5520054734375 0.48282511093749997 0.6122203265625 0.5290732453125 0.6394533640625 0.5530950734375 0.622924821875 0.6378140250000001 0.667317453125
0 0.28049197812500004 0.289577815625 0.40238707500000004 0.4004985828125 0.45758437656249995 0.3277035140625 0.24713364375000002 0.1715043484375 0.18620018437500002 0.2954018625 0.2414352390625 0.3274689953125 0.28049197812500004 0.289577815625
0 0.378998225 0.773123253125 0.3971422015625 0.694533053125 0.29909879375 0.655342134375 0.248324103125 0.673972196875 0.2441093828125 0.7447410125 0.30184870468749997 0.7222002562500001 0.378998225 0.773123253125
0 0.9386821140625001 0.7119446046875 0.8662008453125001 0.7283226109375 0.8718708046874999 0.7737804609375 0.9425376765625 0.765261475 0.9386821140625001 0.7119446046875
0 0.8877846 0.6698416625 0.8185352187499999 0.6897251109375 0.8095671765624999 0.7373221171875 0.891744109375 0.7314604375 0.8877846 0.6698416625
0 0.9781357609375 0.654829940625 0.906864090625 0.665968603125 0.89860479375 0.7192478375 0.9722600375000001 0.7065369312499999 0.979225196875 0.6763675046875 0.9781357609375 0.654829940625
0 0.8975368906250001 0.837651290625 0.8326250484375001 0.8474989328125 0.8320391265625 0.90254970625 0.8962422203125 0.887019834375 0.8975368906250001 0.837651290625
0 0.77859959375 0.8101924531250001 0.7162108953125 0.8178633062499999 0.7162297703125 0.8702944046875001 0.76862984375 0.8796326140625 0.77859959375 0.8101924531250001
0 0.61946215625 0.7293038453125 0.6416507109375 0.6682032234374999 0.56470908125 0.6338840328125 0.5151439875 0.64727475 0.524650634375 0.6936183687499999 0.586453409375 0.740998290625 0.61946215625 0.7293038453125
0 0.84133814375 0.3721512171875 0.742860078125 0.2473215796875 0.7186492328125 0.2996774140625 0.8259063265625001 0.4127373375 0.84133814375 0.3721512171875
0 0.2622344859375 0.6137197109375 0.0778656203125 0.5545989890625 0.060326442187499996 0.6305695171875 0.24469530625 0.6896902375 0.2622344859375 0.6137197109375
0 0.8768131453124999 0.761124978125 0.7916122156250001 0.7800850265625 0.7961765234375 0.8390841265625 0.8788543078125001 0.82230086875 0.8768131453124999 0.761124978125
0 0.2337262328125 0.9410136359375001 0.30450725 0.9573547203125001 0.3365492765625 0.9495392468749999 0.35062295625 0.8885794359375 0.25796410625 0.8350829687499999 0.1914074484375 0.851821640625 0.18124800624999998 0.9094045234375001 0.2337262328125 0.9410136359375001
0 0.660419221875 0.904453759375 0.643501521875 0.8962673999999999 0.638421796875 0.9250588437499999 0.662779475 0.9349628546875 0.660419221875 0.904453759375
0 0.7722681734375 0.7526312953125001 0.70977236875 0.7382030015625001 0.711744128125 0.7771836015625 0.7647622125 0.7851431921875001 0.7722681734375 0.7526312953125001