0 0.51961971875 0.2904063875 0.53609009375 0.35764860625 0.8081366515624999 0.47542956875 0.9679462421875 0.401700034375 0.9577364312500001 0.1832920734375 0.8181228968750001 0.0713565703125 0.51961971875 0.2904063875
0 0.9516367015625 0.052806793750000004 0.844677309375 0.0196600828125 0.8074335296875 0.0187932234375 0.6501218703125 0.041127946875 0.49174325156250004 0.1692264265625 0.513022403125 0.24430735312500002 0.7999098046875 0.0618647765625 0.9556093499999999 0.1377896125 0.9516367015625 0.052806793750000004
0 0.4926882 0.42701702812500003 0.35009537343749997 0.5126825687500001 0.3616292171875 0.5693531984375 0.6079301421875 0.6590521093749999 0.767673071875 0.6076542500000001 0.7635849875 0.5202020671875001 0.4926882 0.42701702812500003
0 0.50928146875 0.35434244062500003 0.5114074421875 0.3047906546875 0.3391135078125 0.4203045328125 0.370689940625 0.4780883421875 0.5003894640625 0.4017012390625 0.7393723828125001 0.524914578125 0.770391984375 0.47575611718750005 0.50928146875 0.35434244062500003
0 0.3646446 0.3962818921875 0.523406478125 0.27638205625 0.487404521875 0.21895817499999998 0.3423024640625 0.34597685624999996 0.3646446 0.3962818921875
0 0.34621697500000004 0.334685403125 0.4900415015625 0.18033791562499998 0.47242135625000004 0.088499771875 0.3253210765625 0.26780311874999996 0.34621697500000004 0.334685403125
0 0.3396703375 0.5272468031249999 0.2434586796875 0.5597612453125 0.263204803125 0.6020476 0.2590347859375 0.607873296875 0.455632975 0.679668415625 0.5544406484375 0.6551726515625 0.3302673234375 0.5636740859375 0.3396703375 0.5272468031249999
0 0.262734753125 0.544477146875 0.35230813437499997 0.512502603125 0.33519899531249997 0.43159598906249996 0.2513286625 0.49053939843750005 0.262734753125 0.544477146875
0 0.25460441093749997 0.46558354375000005 0.339241259375 0.4230374109375 0.3307276546875 0.3359451671875 0.23213452031249998 0.4125456265625 0.25460441093749997 0.46558354375000005
0 0.8164405734375 0.6530668078125 0.9642767015624999 0.63662059375 0.9695665359375001 0.5457976578125 0.8167780109375 0.5652547 0.8164405734375 0.6530668078125
0 0.9695853609375 0.4367640265625 0.79890235625 0.46795079375000004 0.8072882109374999 0.5523101609375 0.9712883671875 0.5162349515625 0.97240451875 0.497071365625 0.9695853609375 0.4367640265625
0 0.1969497578125 0.61017946875 0.2443529484375 0.57889140625 0.24805291875000002 0.51549525625 0.1725226125 0.56278728125 0.1969497578125 0.61017946875
0 0.19090441875 0.5283730156249999 0.244307128125 0.48288065312499995 0.22158173125 0.424376978125 0.17962608124999999 0.4771681515625 0.19090441875 0.5283730156249999
0 0.239365740625 0.329659378125 0.3197457875 0.243567125 0.311615440625 0.164673521875 0.2240451390625 0.2870130890625 0.239365740625 0.329659378125
0 0.34685087812500004 0.2057001203125 0.4702085953125 0.0886797375 0.4236538515625 0.043087214062500004 0.324508740625 0.155395084375 0.34685087812500004 0.2057001203125
0 0.163922221875 0.4263232171875 0.234260490625 0.3629938453125 0.206854071875 0.29938434062499997 0.15770816875 0.388422821875 0.163922221875 0.4263232171875
0 0.23319264843749998 0.24512005 0.3060401484375 0.14043753125 0.2800390046875 0.10688971249999998 0.218255303125 0.21067239531249998 0.23319264843749998 0.24512005
0 0.8537249140625001 0.8804691765625 0.8561112484375 0.9790328468749999 0.8674729593749999 0.9797547453125001 0.944657034375 0.9734772796875 0.9490886296875001 0.8973897390625 0.8537249140625001 0.8804691765625
0 0.8485328765625001 0.8644318249999999 0.9502937359375 0.8766988546875 0.9554772328125001 0.7877016515624999 0.82231719375 0.7787793109375001 0.8485328765625001 0.8644318249999999
0 0.8349549906249999 0.7640351109375 0.9566374718749999 0.7677811140624999 0.962832596875 0.6614149203124999 0.8148665796874999 0.6669111765625 0.8349549906249999 0.7640351109375
0 0.6285753890625 0.8631183171875 0.6381519812499999 0.92543466875 0.6361947265625 0.9310803999999999 0.7925587609375 0.9858475999999999 0.808789059375 0.9845275718750001 0.81959828125 0.9106774421875 0.6285753890625 0.8631183171875
0 0.6248295953125 0.8305037125 0.78121485 0.8973395843749999 0.790147821875 0.8033418453125 0.6326995796875 0.7612818734375 0.6248295953125 0.8305037125
0 0.77427524375 0.796402971875 0.7826972015625 0.6914737125 0.607122659375 0.68929375625 0.64569741875 0.7521738375 0.77427524375 0.796402971875
0 0.6113998828125 1 0.6205366859375 0.9762462140625001 0.5101747296875 0.943634090625 0.5108371843749999 1 0.6113998828125 1
0 0.4973223921875 0.9062735937499999 0.6119207125 0.9819945796875 0.63136550625 0.922804428125 0.5085549109375 0.8614677046875 0.4973223921875 0.9062735937499999
0 0.49219176249999996 0.8440345671875 0.6058958171875 0.900625390625 0.61729705 0.8119134499999999 0.48950895625 0.7866440781249999 0.49219176249999996 0.8440345671875
0 0.4902754734375 0.8030413578125 0.614445525 0.7984290125 0.6172512296875 0.715902696875 0.48201737187499993 0.7214148765624999 0.4902754734375 0.8030413578125
0 0.48573909843749996 1 0.4897474203125 0.9569008578125 0.41894237187499994 0.9367736703125 0.411537634375 0.9776427625 0.4466015078125 1 0.48573909843749996 1
0 0.4145917625 0.9184321890625 0.480823809375 0.9403693984375 0.483944909375 0.8825914828125001 0.4112886765625 0.8726815718750001 0.4145917625 0.9184321890625
0 0.4126040890625 0.8510030593750001 0.48566215156250003 0.8695088999999999 0.48769022812499996 0.8132579796874999 0.41298189531249996 0.8092673749999999 0.4126040890625 0.8510030593750001
0 0.39968620312500003 0.7988439203125 0.475420584375 0.7998748625000001 0.4736338265625 0.7367437 0.39462038125 0.7402937515625 0.39968620312500003 0.7988439203125
0 0.47624317187500004 0.71783615625 0.5952321406250001 0.7225396749999999 0.593043553125 0.6508125796875001 0.4691922234375 0.666637953125 0.47624317187500004 0.71783615625
0 0.39120737499999997 0.74200943125 0.4737007984375 0.7381763546875 0.46883589062500003 0.683924153125 0.382104328125 0.6967305359375 0.39120737499999997 0.74200943125
0 0.32375090625 0.793515003125 0.39770107499999996 0.8061958765625 0.39160920312499997 0.7506053640625 0.321942671875 0.7548333171875 0.32375090625 0.793515003125
0 0.3382306109375 0.8541757328124999 0.3994208609375 0.867894390625 0.39770107499999996 0.8061958765625 0.3289266515625 0.8045988718749999 0.3382306109375 0.8541757328124999
0 0.337450975 0.8873154859374999 0.3952737125 0.9286319593749999 0.39982269062500003 0.8764903171875 0.3453245109375 0.8564749812500001 0.337450975 0.8873154859374999
0 0.20270474374999997 0.6451686140625 0.3486654546875 0.7037644625 0.4465951140625 0.6814187140625 0.24934831562499998 0.59679388125 0.20270474374999997 0.6451686140625
0 0.3367838078125 0.9477700234374999 0.3927553625 0.9993037734374999 0.39942340781249996 0.9426754765625001 0.34561641875000004 0.9125372125 0.3367838078125 0.9477700234374999
0 0.28438322031249996 0.9477175156250001 0.341603215625 0.97614009375 0.34035222656249997 0.9244701718749999 0.2991497421875 0.914878296875 0.28438322031249996 0.9477175156250001
0 0.285318278125 0.892993596875 0.33299044375000003 0.9164403 0.33078038125 0.8691626890625 0.2862988265625 0.8641518109374999 0.285318278125 0.892993596875
0 0.285763053125 0.8526905687499999 0.32471253125 0.8639037859375 0.3248894234375 0.8178701359374999 0.27951576718750004 0.8186842203125 0.285763053125 0.8526905687499999
0 0.269767021875 0.8094103890625 0.3242866796875 0.8049762453125 0.31906543906249996 0.76801024375 0.2624267125 0.776931040625 0.269767021875 0.8094103890625
0 0.1168569765625 0.5533948625 0.123915921875 0.59181936875 0.17981173749999999 0.5716738515625 0.1673889109375 0.531085690625 0.1168569765625 0.5533948625
0 0.1299434234375 0.5406309453125 0.168880653125 0.5179648265625 0.15639728749999998 0.4760816359375 0.11937556093749999 0.49469209843749995 0.1299434234375 0.5406309453125
0 0.23452771249999999 0.8415140093750001 0.27546269687499997 0.8615838874999999 0.2719926140625 0.8098679625 0.23751119062499998 0.8152722796875 0.23452771249999999 0.8415140093750001
0 0.2386831296875 0.8853744750000001 0.27788422343749997 0.9133851 0.28544458906250003 0.8724716390625 0.245679234375 0.854906534375 0.2386831296875 0.8853744750000001
0 0.2719103625 0.7630763093749999 0.31891397499999996 0.7553535984375 0.3148190921875 0.712788159375 0.2668274609375 0.7218911859375 0.2719103625 0.7630763093749999
0 0.324478878125 0.7393015484375 0.383057784375 0.7540365687499999 0.377732728125 0.7076713234375 0.3232075765625 0.7121059140625 0.324478878125 0.7393015484375
0 0.1216783171875 0.6115006625 0.1326893515625 0.644403925 0.1807415234375 0.6365959265625001 0.171524915625 0.597046953125 0.1216783171875 0.6115006625