0 0.003514471875 0.1509960671875 0.003740365625 0.160701371875 0.0094955875 0.189653159375 0.17193015 0.153398309375 0.1674282265625 0.12021564843749999 0.003514471875 0.1509960671875
0 0.26999051875 0.8468704140625001 0.0973946875 0.884686878125 0.099757253125 0.9492499734375001 0.27329631249999997 0.9056428000000001 0.26999051875 0.8468704140625001
0 0.48620692187500003 0.7967044890625 0.2829814671875 0.827936671875 0.2904975734375 0.8973535125 0.4952107671875 0.8630698156250001 0.48620692187500003 0.7967044890625
0 0.47974114375 0.690428815625 0.28286535625 0.700925025 0.2940472609375 0.77824713125 0.48250241718750003 0.74646200625 0.47974114375 0.690428815625
0 0.679378203125 0.735965796875 0.503223675 0.7348088796875001 0.5108855859375 0.8154948281250001 0.6832285109375 0.7974773765625 0.679378203125 0.735965796875
0 0.7264890765625001 0.8359950296875001 0.5091449421875 0.838345353125 0.5293990890625 0.908627465625 0.7333148625 0.891403578125 0.7264890765625001 0.8359950296875001
0 0.28714765937500003 1 0.28527563749999996 0.96590509375 0.1091211046875 0.9647481765625001 0.11305911875 1 0.28714765937500003 1
0 0.48127659375 0.8877942734375001 0.2959427203125 0.9247454656249999 0.309555590625 0.9932253453125 0.493401725 0.959325665625 0.48127659375 0.8877942734375001
0 0.9219842234375 0.797482228125 0.7196632890625 0.7805864828125 0.721481340625 0.8424103890625 0.9213713109375 0.8681483562500001 0.9219842234375 0.797482228125
0 1 0.70897453125 0.913923603125 0.7253261859375 0.9187171328125 0.7810470546875 1 0.7641675890624999 1 0.70897453125
0 0.9666254249999999 0.8640164718750001 0.7556696640625 0.8879680390625 0.7635844765625001 0.948854975 0.96993121875 0.9227888609375 0.9666254249999999 0.8640164718750001
0 0.5919271015625001 1 0.7516825593750001 0.9732671093749999 0.7436219390625001 0.9011110718750001 0.530633921875 0.9253749593749999 0.543573665625 1 0.5919271015625001 1
0 0.3915387609375 0.40475895624999997 0.12818179062499999 0.47063819531249995 0.14516885 0.52448513125 0.4013400265625 0.45406446562499997 0.3915387609375 0.40475895624999997
0 0.7093678875 0.33897693125 0.4361412578125 0.4289559890625 0.460459915625 0.49861345156250003 0.7248672078125 0.3958753875 0.7093678875 0.33897693125
0 0.9272862328125001 0.2236232578125 0.74957556875 0.2989231875 0.7624981156249999 0.353394771875 0.941842328125 0.286312425 0.9272862328125001 0.2236232578125
0 0.4907115109375 0.23990533281249998 0.330999528125 0.28985615937500003 0.34744207031249996 0.3409639 0.5041785765625 0.29711611250000003 0.4907115109375 0.23990533281249998
0 1 0.4745797875 0.8333831296875 0.5203422703125 0.857157271875 0.5872605421875 1 0.541494828125 1 0.4745797875
0 0.9103675718750001 0.09637099375 0.7006466437500001 0.13707005 0.7263072359375 0.192406896875 0.9207133531249999 0.1484157015625 0.9103675718750001 0.09637099375
0 0.694588584375 0.1803442296875 0.5319011171875 0.23639809218750002 0.5560739703124999 0.294786453125 0.7122659609374999 0.24819946874999999 0.694588584375 0.1803442296875
0 0.48969087968749997 0.16102161718750002 0.320216334375 0.20400414531250002 0.3454782171875 0.2678708984375 0.5064250343750001 0.23466756093750002 0.48969087968749997 0.16102161718750002
0 0.8244476828125 0.3805716171875 0.626813178125 0.45046485468749997 0.64597829375 0.5152685765625 0.8345405546875 0.4524153328125 0.8244476828125 0.3805716171875
0 0.837117325 0.45484220625000005 0.6540002125 0.545087396875 0.680604028125 0.5946335296874999 0.8638669453125001 0.51565744375 0.837117325 0.45484220625000005
0 0.46325989375 0.596983859375 0.2640989484375 0.6275914015625 0.27919955937499996 0.6930197625 0.47008568281249996 0.6523924078125 0.46325989375 0.596983859375
0 0.24090802500000003 0.6057495390625001 0.07629540781250001 0.631047609375 0.0831211890625 0.6864561515625 0.23960479218750003 0.6624073703125 0.24090802500000003 0.6057495390625001
0 0.25114670625 0.6888623578125 0.08490054218750001 0.7059428421875 0.0892953609375 0.77019361875 0.24850153593750002 0.7598408140624999 0.25114670625 0.6888623578125
0 0.2627273203125 0.7576545609374999 0.08592117187500001 0.784826559375 0.0888282546875 0.8521288546875001 0.265235690625 0.8334867593749999 0.2627273203125 0.7576545609374999
0 0.43542124531250004 0.5306902296875 0.2548034953125 0.5386878671875001 0.2652950765625 0.6020016781249999 0.444279284375 0.585786459375 0.43542124531250004 0.5306902296875
0 0.7186543328125 0.2698007046875 0.5388727109375 0.3030757421875 0.5412352765625 0.367638840625 0.729291728125 0.344383621875 0.7186543328125 0.2698007046875
0 0.519784996875 0.32294645625 0.36736590625 0.34637059375 0.37284975781249996 0.41609975625000006 0.53121980625 0.3804695515625 0.519784996875 0.32294645625
0 0.36370010625 0.3384653265625 0.17237657343749999 0.3452853765625 0.182323640625 0.40585999062499994 0.369436865625 0.38839548281249997 0.36370010625 0.3384653265625
0 0.695746009375 0.1124172953125 0.5047140812500001 0.1417755484375 0.5253669390625 0.203527746875 0.6999950296875 0.1653989671875 0.695746009375 0.1124172953125
0 0.9101558859375001 0.021184114062500002 0.906590440625 0.0211011265625 0.7069576078125 0.07399686093749999 0.7220582171875 0.1394252234375 0.9248462625 0.0743857296875 0.9101558859375001 0.021184114062500002
0 0.0062689203125 0.269338384375 0.0064696375 0.27796200781249997 0.016252978125 0.3184670375 0.18532881406249999 0.28401441250000004 0.179883665625 0.25662246093749996 0.0062689203125 0.269338384375
0 0.6773783156250001 0.030553762499999998 0.673705915625 0.015680679687499997 0.5412090968750001 0.01259678125 0.4975579828125 0.021491578125 0.4993373359375 0.040978268750000005 0.5069605421875 0.0793270015625 0.6773783156250001 0.030553762499999998
0 0.3091415296875 0.0956139234375 0.1528424359375 0.17326902187499998 0.17077271875 0.22132524843749998 0.3270718125 0.143670146875 0.3091415296875 0.0956139234375
0 0.9065533 0.6671784390625 0.6922233515625 0.705762946875 0.7093562109375 0.770878990625 0.9178423078125 0.713432440625 0.9065533 0.6671784390625
0 0.852295340625 0.6049450015625 0.6877898250000001 0.59917495625 0.704378171875 0.661551803125 0.854113390625 0.666768903125 0.852295340625 0.6049450015625
0 0.6989330234375 0.63415985 0.4944727359375 0.6486445453125 0.507541090625 0.71438523125 0.7069936453125 0.7063158921875 0.6989330234375 0.63415985
0 0.8186425281249999 0.404046784375 0.991936609375 0.3855463390625 0.9783498171874999 0.317197640625 0.8061186875 0.3410452984375 0.8186425281249999 0.404046784375
0 0.179746871875 0.40343311562500006 0.01959746875 0.4195766359375 0.0376735609375 0.4789019625 0.18385008125 0.44514568906249996 0.179746871875 0.40343311562500006
0 0.21753259374999998 0.5303013609375 0.05792770781249999 0.549184075 0.065443815625 0.6186009203125 0.2230164453125 0.6000305265625 0.21753259374999998 0.5303013609375
0 1 0.5920293015625 0.890908178125 0.5990108859375 0.8969365421875001 0.6714792453125 1 0.6648954125000001 1 0.5920293015625
0 0.32094535625 0.260349659375 0.1463172671875 0.2984784390625 0.16127207187499998 0.3526376953125 0.3237066328125 0.3163828453125 0.32094535625 0.260349659375
0 0.906088859375 0.1591318609375 0.730118840625 0.21158126249999998 0.753494271875 0.28702944375 0.9183597984375 0.2419323609375 0.906088859375 0.1591318609375
0 0.614366746875 0.4721377953125 0.45748443437499997 0.5047164875 0.471350209375 0.5533973546875 0.65370860625 0.5225491921875001 0.614366746875 0.4721377953125
0 1 0.787131746875 0.9387867765625 0.79772284375 0.959984146875 0.8622142421874999 1 0.8663163984375 1 0.787131746875
0 0.4729180234375 0.045038453125 0.32292989843750003 0.059620359375 0.30536863125 0.1187767703125 0.47215930625 0.1044354796875 0.4729180234375 0.045038453125
0 0.6865963609375 0.0347828625 0.4923360453125 0.090043159375 0.5047140812500001 0.1417755484375 0.6980311718750001 0.0923059640625 0.6865963609375 0.0347828625
0 0.7206388765625 0.0690714125 0.88963035625 0.0207063765625 0.71536953125 0.0166504109375 0.7206388765625 0.0690714125
0 0.0050112734375 0.2153047328125 0.0059391828125 0.2551715390625 0.1404347078125 0.23727917656250003 0.1311779578125 0.190712859375 0.005178175 0.2100768140625 0.0050112734375 0.2153047328125