0 0.174921340625 0.4707004875 0.135004953125 0.422874953125 0.0395518015625 0.4440344921875 0.109733753125 0.5016613171875 0.174921340625 0.4707004875
0 0.1893113109375 0.42605896562499995 0.1991275140625 0.3998784875 0.121300759375 0.3364522453125 0.0269539796875 0.3335962390625 0.0313623609375 0.379339921875 0.122241746875 0.3766414296875 0.1893113109375 0.42605896562499995
0 0.38782107187500003 0.405590490625 0.2837407828125 0.3968126078125 0.271439515625 0.441576590625 0.377963525 0.4478221515625 0.38782107187500003 0.405590490625
0 0.37825294375 0.3354638859375 0.2755513390625 0.3321180375 0.2719599078125 0.3747170796875 0.3746615109375 0.3780629328125 0.37825294375 0.3354638859375
0 0.3661997546875 0.283920784375 0.2659418671875 0.2780426109375 0.269995240625 0.326441075 0.363318340625 0.3212102578125 0.3661997546875 0.283920784375
0 0.5787687218750001 0.3472202359375 0.5001079109375001 0.33725710625 0.495137790625 0.374424115625 0.573129928125 0.373645640625 0.5787687218750001 0.3472202359375
0 0.4803272203125 0.3120169453125 0.40383780625 0.27007391875 0.39847133125 0.3259468984375 0.475002090625 0.35183874375 0.4803272203125 0.3120169453125
0 0.5994248078125 0.3029461015625 0.5009419625 0.28379399375 0.49526182500000004 0.3262705734375 0.5930760015625001 0.334681075 0.5994248078125 0.3029461015625
0 0.6270741390625 0.11192393593750001 0.5122366546875 0.0891373453125 0.5037164468750001 0.1528522203125 0.6203289734374999 0.1623648796875 0.6270741390625 0.11192393593750001
0 0.7892831921875 0.126785540625 0.660138428125 0.1165381109375 0.652014575 0.16154702031249998 0.7762719062500001 0.176859096875 0.7892831921875 0.126785540625
0 0.93478259375 0.140667453125 0.8090638765625 0.15202569999999999 0.7980999578125 0.2182729015625 0.926931059375 0.21512393749999997 0.93478259375 0.140667453125
0 0.29932502968749997 0 0.29540758437500003 0.0576953296875 0.42321500468749995 0.046459546875 0.4241994203125 0 0.29932502968749997 0
0 0.7062453765625001 0.46439389374999995 0.6231348328124999 0.42473826875 0.586792778125 0.4761195296875 0.6695069625000001 0.534481125 0.7062453765625001 0.46439389374999995
0 0.9666236078124999 0.4850112140625 0.8904892015625 0.4404134 0.8562358515625 0.4919171234375 0.9267728078124999 0.5468891625000001 0.9666236078124999 0.4850112140625
0 0.461818290625 0.198556521875 0.3573829890625 0.1924334234375 0.35272653125 0.24299683125 0.4652029921875 0.2362133828125 0.461818290625 0.198556521875
0 0.3154192453125 0.1284342484375 0.269088459375 0.0026402140625 0.152351896875 0.041281096875 0.145334415625 0.0622744625 0.21854605624999998 0.1602129328125 0.3154192453125 0.1284342484375
0 0.0942473796875 0.160952034375 0.19663531875 0.15090149375 0.126305090625 0.015673553125 0.033285470312499996 0.0627125046875 0.032874109375 0.06578868437499999 0.0942473796875 0.160952034375
0 0.1316787015625 0.22736107187500001 0.053455593749999995 0.182640796875 0.032799503125000004 0.22691493437500002 0.11449000625000001 0.2771897046875 0.1316787015625 0.22736107187500001
0 0.2386404109375 0.19884948593750001 0.1387375296875 0.19031652500000001 0.13479108906249998 0.2355703578125 0.2385163703125 0.24700302812500002 0.2386404109375 0.19884948593750001
0 0.6038089515625 0.22293512031249998 0.49937365156249997 0.21681202187499998 0.48982976562499997 0.272440071875 0.6008861921875 0.276275775 0.6038089515625 0.22293512031249998
0 0.721197084375 0.33684168125 0.6205841890625 0.3336182921875 0.6197501296875 0.3870814078125 0.7154756 0.3953694484375 0.721197084375 0.33684168125
0 0.4131507265625 0.168947109375 0.394476409375 0.11969141093749999 0.30911178125 0.14411804687500002 0.3135201609375 0.18986172343750002 0.314230178125 0.184552153125 0.4131507265625 0.168947109375
0 0.9837381125 0.3200522109375 0.9894371625 0.1976913390625 0.9614980734374999 0.17701660624999999 0.8801454718749999 0.26589288906249997 0.8866425609374999 0.3117590296875 0.9837381125 0.3200522109375
0 0.79250964375 0.496207621875 0.8585312890625 0.4117836828125 0.7539063609375 0.34411064687500004 0.708061765625 0.43506878281250005 0.79250964375 0.496207621875
0 0.7982967171875 0.5473833390625 0.7148725140625001 0.49433131875 0.692482728125 0.5358282078125 0.7606173187499999 0.5772813859375 0.7982967171875 0.5473833390625
0 0.363838734375 0.25435074687500003 0.2912130703125 0.1992562484375 0.2806868453125 0.23074630312500002 0.3303367453125 0.28449372031250003 0.363838734375 0.25435074687500003
0 0.596263940625 0.0432274953125 0.4835151640625 0.0205633671875 0.47885870625000004 0.07112677187500001 0.5842763421875 0.10138787187500001 0.596263940625 0.0432274953125