0 0.7178051171875001 0.1099979328125 0.43621680781250005 0.1605487203125 0.45034231875 0.2481641953125 0.7146915515625001 0.2013986390625 0.848370665625 0.181363234375 0.8300116453124999 0.10399420625 0.7178051171875001 0.1099979328125
0 0.730501309375 0.2450020390625 0.47110025 0.2578268265625 0.47696355312499994 0.33548775937499997 0.73065166875 0.3464740421875 0.8635659984374999 0.3163089515625 0.8466864187500001 0.225375303125 0.730501309375 0.2450020390625
0 0.740698359375 0.38006452031250004 0.47201538125000003 0.36942851875 0.48088768125000003 0.45378419374999995 0.735850428125 0.48165329218749997 0.8524952703125 0.43495567968750004 0.846122115625 0.350541625 0.740698359375 0.38006452031250004
0 0.4911391796875 0.45692723125 0.485731278125 0.517938871875 0.7197312953125 0.56659278125 0.85473515625 0.5972641875 0.85137099375 0.5195448781249999 0.75385428125 0.4879977484375 0.4911391796875 0.45692723125
0 0.4895050546875 0.534763303125 0.481343084375 0.5924567703125 0.71993176875 0.7018887859375 0.8653418171875 0.6714317875 0.8444836578125001 0.59412115 0.7202912640625 0.607169903125 0.4895050546875 0.534763303125
0 0.503630565625 0.6223787765625 0.483482728125 0.68711726875 0.717837909375 0.806795740625 0.856770234375 0.790020134375 0.85763958125 0.702054371875 0.733447190625 0.715103134375 0.503630565625 0.6223787765625
0 0.5110234250000001 0.7202990781249999 0.489141228125 0.7952256375 0.72400625625 0.921657234375 0.8453944578125 0.8714662953125 0.8305542859375 0.807545140625 0.704117678125 0.824028840625 0.5110234250000001 0.7202990781249999
0 0.7562710187499999 1 0.8465144015625 0.9526205484375 0.8296849390625001 0.8955108953125 0.7192628937500001 0.9251505546875001 0.49990257812500005 0.8051217968750001 0.48000966875 0.873236853125 0.6755350296875 1 0.7562710187499999 1
0 0.6785643984374999 1 0.49352509062500005 0.8864511953124999 0.48138453593749997 0.9577676703125 0.53585420625 1 0.6785643984374999 1
0 0.14769537500000002 0.086108334375 0.1510094171875 0.130003640625 0.2677043765625 0.11713002343750001 0.2551585421875 0.0835979328125 0.14769537500000002 0.086108334375
0 0.9435930421875 0.1825212984375 0.9763496609375 0.17867682499999998 0.972177265625 0.12341238750000001 0.944002653125 0.1216264171875 0.9435930421875 0.1825212984375
0 0.8701854156250001 0.73558646875 0.9711207421875001 0.71293345625 0.961278853125 0.648895540625 0.8673311078125 0.6646202812500001 0.8701854156250001 0.73558646875
0 0.8743143515625 0.82343546875 0.942760815625 0.8015414125 0.9379172171875 0.737386734375 0.8614634750000001 0.7527028046875001 0.8743143515625 0.82343546875
0 0.8585633828124999 0.48216916718749997 0.87391340625 0.5528434421874999 0.9645972281249999 0.5270473984375 0.9537356359375 0.44950323281250004 0.8585633828124999 0.48216916718749997
0 0.19991813125 0.24724920625000002 0.087456675 0.24987637031249998 0.0915354953125 0.303901365625 0.1972642953125 0.31157903125 0.2979446953125 0.2855494625 0.2968748671875 0.2382192125 0.19991813125 0.24724920625000002
0 0.13111217343749998 0.36386214375 0.12371498125 0.4316852953125 0.20720641875 0.44326495625 0.3091614484375 0.434118196875 0.30156377968750003 0.366645334375 0.21037010625 0.3856882578125 0.13111217343749998 0.36386214375
0 0.2790256984375 0.1676033109375 0.371748934375 0.1688197625 0.369404478125 0.1046067015625 0.266684671875 0.10362377656249999 0.2790256984375 0.1676033109375
0 0.2823898625 0.2453226203125 0.38062123125 0.25317543593749997 0.368025278125 0.1858193390625 0.2733127546875 0.19141439531249999 0.2823898625 0.2453226203125
0 0.3130899109375 0.38667118437500003 0.4103015765625 0.381017746875 0.40795711875 0.316804684375 0.3035029484375 0.3260098234375 0.3130899109375 0.38667118437500003
0 0.9417541015625 0.2908048140625 0.98447363125 0.28628084062500003 0.97887606875 0.212139721875 0.9408890890625001 0.21302711875 0.9417541015625 0.2908048140625
0 0.8712639031249999 0.45142982031249995 0.9654665734375 0.4390816359375 0.95710413125 0.361479090625 0.8669301578124999 0.3940282609375 0.8712639031249999 0.45142982031249995
0 1 0.75422645625 0.9392419656250001 0.7880935484375 0.95306243125 0.8385084562499999 1 0.8162215953124999 1 0.75422645625
0 0.9755132703125 0.4726721140625 0.9981818953125 0.46785026875 0.993420928125 0.404790053125 0.9636820921875 0.4154457046875 0.9755132703125 0.4726721140625
0 0.14977623906249998 0.47843173281249995 0.1486018484375 0.5291969265625001 0.21337476562500002 0.5581264484374999 0.314615134375 0.5726740046875001 0.3072723921875 0.5085777046875 0.216538453125 0.5005497515624999 0.14977623906249998 0.47843173281249995
0 0.3720911 0.737074684375 0.45338844062500006 0.78591329375 0.466803621875 0.7314796265625 0.382752215625 0.6793228359375 0.3720911 0.737074684375
0 0.8730440546875 0.640809203125 0.9514870890625 0.618681625 0.9416452015625 0.5546437078124999 0.8557047390625 0.57694643125 0.8730440546875 0.640809203125
0 0.8492328796875 0.9797756906249999 0.9305469593750001 0.9506402515625 0.9227160515625 0.9041330765625 0.8406688765625001 0.92355853125 0.8492328796875 0.9797756906249999
0 1 0.9218954015625 0.9899786171875 0.898670940625 0.9354166828125001 0.9388539625 0.945829071875 0.98140999375 1 0.94421895625 1 0.9218954015625
0 0.8549847984375001 0.884315678125 0.9353302078124999 0.880493346875 0.9321046031250001 0.8377694281249999 0.93181136875 0.8338854390625 0.8534609671875 0.8259886375000001 0.8549847984375001 0.884315678125
0 0.9703185265625001 0.366561284375 0.9900147515625 0.3596743859375 0.9860145593749999 0.306690825 0.95287694375 0.31274274687500003 0.9703185265625001 0.366561284375
0 1 0.5706617671875 0.9621967546875 0.5936967859375 0.97606515625 0.6395653125 1 0.6278277250000001 1 0.5706617671875
0 0.3324966140625 0.443720625 0.4041762875 0.44807125625 0.4005435890625 0.39995524531250004 0.324109590625 0.3916989375 0.3324966140625 0.443720625
0 0.3333427015625 0.5139937984375 0.41895286406250004 0.5059687859374999 0.40523582343750003 0.462105090625 0.3256827328125 0.45191327968749995 0.3333427015625 0.5139937984375
0 0.3319481078125 0.5742774671875 0.4236451 0.5681186328125001 0.40768738125 0.5142654328125 0.3288911 0.5140977890625 0.3319481078125 0.5742774671875
0 1 0.8425201 0.9983180062500001 0.8358657015625001 0.9351469609375 0.8654585890625001 0.9508019515624999 0.9153021203125 1 0.8835484687499999 1 0.8425201
0 1 0.49403088124999994 0.9546583906249999 0.5135380984375 0.9622886015625 0.5555356140625001 1 0.5440166109375 1 0.49403088124999994
0 0.30306506718750004 0.3098473953125 0.3952161453125 0.3097030625 0.39424845468749997 0.2575080578125 0.2970403265625 0.2497370453125 0.30306506718750004 0.3098473953125
0 1 0.6689169265625 0.955077575 0.6962899453125 0.9597400531250001 0.7383567890625 1 0.7190103640625 1 0.6689169265625