0 0.200851496875 0.9985944218749999 0.2577013390625 0.9982636796875 0.46175226875000003 0.9674792640625001 0.4367067609375 0.8567701109374999 0.1841698296875 0.8947825953124999 0.200851496875 0.9985944218749999
0 0.7403546609375 0.8040413984375 0.5001160859375 0.8241036140625001 0.5094013609375 0.9437615515625 0.75759325 0.9096467171875 0.7403546609375 0.8040413984375
0 0.4113636625 0.682334346875 0.148809484375 0.696471065625 0.1509490140625 0.7758409671875001 0.4190997890625 0.748036134375 0.4113636625 0.682334346875
0 0.75287020625 0.7063367390625 0.5750113906250001 0.725788009375 0.5853262265625 0.81339039375 0.767898475 0.7931701234374999 0.75287020625 0.7063367390625
0 0.7298082234375001 0.4900749453125 0.5619666484375 0.5334019828125001 0.58318189375 0.6319810078125 0.75993555 0.6031437625 0.7298082234375001 0.4900749453125
0 0.695921428125 0.30427804687500004 0.5358867765625 0.352708909375 0.5656457125000001 0.4626490625 0.7284054671875 0.416962359375 0.695921428125 0.30427804687500004
0 0.32254044375 0.601163040625 0.1398926015625 0.5799417874999999 0.1449792203125 0.6843409390625 0.321071703125 0.6906879078125 0.32254044375 0.601163040625
0 0.3047822671875 0.4095460078125 0.10836251718750001 0.39376038593749996 0.1110924234375 0.4985440328125 0.3013252015625 0.502584025 0.3047822671875 0.4095460078125
0 0.2988076734375 0.2160064921875 0.0998848109375 0.21976180312500002 0.10511783125 0.3050045171875 0.2966021578125 0.2992740453125 0.2988076734375 0.2160064921875
0 0.49552020937499996 0.193479240625 0.3265734796875 0.2274203125 0.34160174374999996 0.314253696875 0.5016364 0.26582283906250004 0.49552020937499996 0.193479240625
0 0.52211486875 0.358144540625 0.3334312421875 0.40806070468750005 0.34698595781249997 0.48237946875000004 0.5403830171874999 0.431694309375 0.52211486875 0.358144540625
0 0.5227856562500001 0.5270393046875 0.35332413749999997 0.577008153125 0.3746857765625 0.6564307328125001 0.5456208375 0.6189765171875 0.5227856562500001 0.5270393046875
0 0.7121160375 0.1358204625 0.5290290078125001 0.172068515625 0.541700559375 0.259286396875 0.722430871875 0.22342284375000002 0.7121160375 0.1358204625
0 0.5229416578125 0.711961846875 0.36077228125 0.7830622953125 0.39156078125 0.8609468953125001 0.5568236484375 0.795719259375 0.5229416578125 0.711961846875
0 0.3274098796875 0.785316590625 0.1477091296875 0.7891245859375 0.158392353125 0.8798556218750001 0.16038068125 0.8763424671875001 0.3413329859375 0.8627640078125 0.3274098796875 0.785316590625
0 0.38129751875 0.304588596875 0.13649190312499998 0.30626337656249997 0.13303483124999999 0.3993013921875 0.3827002703125 0.3777011890625 0.38129751875 0.304588596875
0 0.7039455359375 0.22962747343749998 0.42946138749999996 0.26484310624999996 0.42526754218749996 0.3516238140625 0.713523596875 0.3109725375 0.7039455359375 0.22962747343749998
0 0.38108513906249997 0.48638248125 0.1397414 0.49705873125 0.15241295 0.5842766125 0.395376628125 0.56695855625 0.38108513906249997 0.48638248125
0 0.7407134375 0.6030910765625 0.469322778125 0.644179528125 0.47867884531250005 0.703239503125 0.734899653125 0.6965135890624999 0.7407134375 0.6030910765625
0 0.7354756171875 0.41580886875 0.440517803125 0.4607422875 0.46364577812499996 0.5143666312499999 0.7356268171875 0.498691925 0.7354756171875 0.41580886875
0 0.9722523171875 0.38674518281250003 0.901404459375 0.41743651093749995 0.9252692078125 0.47731816406250005 0.9793158937499999 0.43857521093749996 0.9743738390625 0.39660307499999997 0.9722523171875 0.38674518281250003
0 0.97573866875 0.5895978796875 0.9289578828125 0.6106442140625 0.9472260328125 0.6841939828125 0.9724410984375 0.6705260640625 0.97573866875 0.5895978796875
0 0.97892263125 0.51145783125 0.9812299859375001 0.454831315625 0.9795789312500001 0.440809153125 0.9185674468749999 0.4816003109375 0.9369819875 0.53599364375 0.97892263125 0.51145783125
0 0.9760409921875001 0.5821783546875 0.9782227078125001 0.5286351859375 0.9763093796875 0.5231998921875001 0.91525676875 0.5554818921875 0.9325661515625001 0.6004892546875 0.9760409921875001 0.5821783546875
0 0.9204045750000001 0.39520410781250004 0.9707194421875001 0.3655668125 0.96401269375 0.30860738125 0.9003700953125 0.3474525828125 0.9204045750000001 0.39520410781250004
0 0.9178354796875 0.5773824890625 0.9123096734375 0.5304526421875 0.857000059375 0.5299100906249999 0.817526278125 0.561860284375 0.8357188296875 0.593968521875 0.8590639859375001 0.56783846875 0.9178354796875 0.5773824890625
0 0.93470568125 0.67985915625 0.919384628125 0.6313386390625 0.8753438093750001 0.6449013890625 0.8430865687500001 0.6565416500000001 0.8545773562500001 0.6929320421875 0.8911796421875 0.677394121875 0.93470568125 0.67985915625
0 0.9621079046875 0.7901838046874999 0.9515002812500001 0.74089429375 0.8824187609375 0.745787384375 0.84979313125 0.754298996875 0.8554653312499999 0.7820724078125 0.8518570593750001 0.7922273671875 0.9135000484375 0.7853591125 0.9621079046875 0.7901838046874999
0 0.9391263249999999 0.71740303125 0.969716140625 0.737401315625 0.9713939140625 0.6962257953125001 0.9391263249999999 0.71740303125
0 0.908772196875 0.48000964062499996 0.9012580640625 0.4365929484375 0.8530186000000001 0.4348969109375 0.817006690625 0.47584857031250005 0.8237840515625001 0.5130079546874999 0.8476439906250001 0.47085011562499995 0.908772196875 0.48000964062499996
0 0.8258527859375 0.65297581875 0.7903556625 0.6778996984375001 0.8065598843749999 0.7135210937500001 0.8447821078125 0.691341371875 0.8258527859375 0.65297581875
0 0.016834218749999998 0.8689676828125 0.0384926515625 0.861152075 0.0878372828125 0.872234084375 0.09210672656249999 0.8268949078125001 0.0367971125 0.8263523640624999 0.01241498125 0.831435728125 0.016834218749999998 0.8689676828125
0 0.005075075 0.7690989859374999 0.019634125 0.7621885625 0.07442895625 0.7787588859375 0.088493653125 0.73501038125 0.026997057812500003 0.72272220625 0.000275315625 0.7283353484374999 0.005075075 0.7690989859374999
0 0 0.682137528125 0.0238279703125 0.6754078609375 0.0664708390625 0.6907720109375 0.0770736578125 0.6380220359375001 0.021910434375000003 0.6183230562500001 0 0.6251281843750001 0 0.682137528125
0 0 0.5727843874999999 0.0635945390625 0.6051447984375 0.07331418437500001 0.5652939406249999 0.0237475625 0.53192684375 0 0.5338721468750001 0 0.5727843874999999