0 0.76816669375 0.17792575156249998 0.5453887625 0.2696038765625 0.5251670046875 0.34269842968750003 0.7267604000000001 0.2900058984375 0.7915452703125 0.373721621875 0.8078013390625 0.32142857343750003 0.76816669375 0.17792575156249998
0 0.72923489375 0.3182463515625 0.5145849984375 0.3837779515625 0.49720027343749995 0.4512657421875 0.699176728125 0.40789944843750003 0.7669850265625 0.479878165625 0.787020384375 0.41291385781249995 0.72923489375 0.3182463515625
0 0.7139518625 0.42623507812500006 0.4956885578125 0.45713424375 0.478117434375 0.5307522765625 0.6774535140625 0.508449228125 0.7301344015625 0.6175262515625 0.7518678750000001 0.5385631984375 0.7139518625 0.42623507812500006
0 0.6863681921875 0.5441286265625 0.466582909375 0.559309571875 0.44579169218750003 0.6292081296875 0.65877425625 0.6404354515625 0.70595721875 0.7330090328125001 0.72693483125 0.6569802296875 0.6863681921875 0.5441286265625
0 0.65480856875 0.6612369546875 0.44467329843750003 0.6659895953125 0.423322884375 0.7542788875 0.626272378125 0.7666082734375 0.6908708484375 0.8564542421875 0.7148718921875 0.768688434375 0.65480856875 0.6612369546875
0 0.784961440625 0.0640685171875 0.5646477421875 0.162400371875 0.5457513015625 0.2357566625 0.752822096875 0.156394128125 0.803981009375 0.24975292968749999 0.814563015625 0.20867340625000003 0.784961440625 0.0640685171875
0 0.3741220203125 0.39920686875 0.5037960703125 0.38781426875 0.5264718015625001 0.29978671874999996 0.38980863125 0.34371782500000003 0.3741220203125 0.39920686875
0 0.36277389375 0.42163391875 0.341040421875 0.5005969734375 0.47960862656250003 0.4817103234375 0.49736615000000006 0.40196204687500003 0.36277389375 0.42163391875
0 0.315144603125 0.5849050499999999 0.2964345625 0.652131096875 0.4147604875 0.663165546875 0.42288852187500003 0.6370190234375 0.4240274390625 0.6434110093750001 0.440086846875 0.575661478125 0.315144603125 0.5849050499999999
0 0.28303604375 0.741990834375 0.39910465781250004 0.7834147671875 0.42859336875 0.690565675 0.308745465625 0.6638130015625 0.28303604375 0.741990834375
0 0.2726609578125 0.8201135640624999 0.373022440625 0.8738530859375 0.396837084375 0.7922175203124999 0.290045684375 0.752625775 0.2726609578125 0.8201135640624999
0 0.6098709515625 0.9113784687500001 0.6847589703125 0.95043645 0.7007277796875 0.8830691453125 0.6446609249999999 0.8195763421875 0.41141556250000005 0.7950966703125 0.3949833546875 0.8751066890624999 0.6098709515625 0.9113784687500001
0 0.426971665625 0.97701354375 0.61689115 0.967060284375 0.5818734375 0.9551856046875 0.3974475875 0.8817604140625 0.36527860625 0.9648295843750001 0.426971665625 0.97701354375
0 0.1860194875 0.5563201890625 0.16939062031250002 0.6208737281250001 0.26747426875 0.6618292796875 0.283720078125 0.5879495046875001 0.1860194875 0.5563201890625
0 0 0.612785478125 0.033079728125 0.6093708953125 0.127218209375 0.7143014015625 0.15255483125 0.6483840578125 0.059172206250000005 0.5405192999999999 0 0.555460584375 0 0.612785478125
0 0.161676428125 0.721106665625 0.12688645468749998 0.8129087921875 0.206239540625 0.8779169390625 0.22854246875 0.8021498796875 0.161676428125 0.721106665625
0 0.42819149218749997 0.24337468593749997 0.4128879421875 0.308189965625 0.53648435 0.25551120312500003 0.5408125734375 0.20086248593749997 0.42819149218749997 0.24337468593749997
0 0.30271057031250004 0.3141824390625 0.2953486546875 0.3589814375 0.392262603125 0.328784828125 0.4039732671875 0.27251056406249996 0.30271057031250004 0.3141824390625
0 0.2743402578125 0.3702500640625 0.2541185 0.44334461718749996 0.3618213765625 0.4091116890625 0.3741014984375 0.35603341718750003 0.2743402578125 0.3702500640625
0 0.25128147031250003 0.448951378125 0.23465260156249998 0.513504915625 0.328356721875 0.50117555625 0.3449855890625 0.43662202031249997 0.25128147031250003 0.448951378125
0 0 0.83119145 0.0756129703125 0.8767873093749999 0.10321716562500001 0.8020672109375001 0.0157155234375 0.7200321359374999 0 0.7211248640625 0 0.83119145
0 0 0.7063089390624999 0.10397302187499999 0.799132959375 0.13271613437500002 0.730804846875 0.019464029687500002 0.6406007015624999 0 0.6340003515625 0 0.7063089390624999
0 0.8272569781250001 0.22968154843750002 0.8127092828125001 0.291562575 0.875961915625 0.33797335156249997 0.8878589781249999 0.27556884375 0.8272569781250001 0.22968154843750002
0 0.8012158015624999 0.4064667703125 0.778726471875 0.48836407656249997 0.8351661234375 0.53959639375 0.8480157046875 0.4897141140625 0.8012158015624999 0.4064667703125
0 0.797126590625 0.9576145453124999 0.8216516046875 0.95632924375 0.8338288421875 0.912439228125 0.80369885 0.8509852499999999 0.7798842031250001 0.9326208140625001 0.797126590625 0.9576145453124999
0 0.3639418875 0.8874773796875 0.26470906250000004 0.8185431203125001 0.2348270328125 0.880479246875 0.3040666734375 0.95274064375 0.3332886109375 0.958511778125 0.3639418875 0.8874773796875
0 0 0.8926895484375 0.067533734375 0.9060269999999999 0.076368828125 0.8738530578124999 0 0.8504793140625001 0 0.8926895484375
0 0.153155071875 0.7163402265625 0.260132875 0.7498017265625 0.2701249015625 0.6623527609375001 0.1743190859375 0.6341811796875 0.153155071875 0.7163402265625