0 0.8851995359375 0.1044938875 0.8840185390625 0.1777226703125 0.9802364875 0.16929860937500002 0.9822824984375 0.11001617187499999 0.9339770968750001 0.1004147484375 0.8851995359375 0.1044938875
0 0.8815784578124999 0.287432953125 0.9733456687500001 0.28118522343749996 0.970534665625 0.21634590937499998 0.8836378890625 0.2082568125 0.8815784578124999 0.287432953125
0 0.8541322484375 0.37074603281249996 0.94192698125 0.3820745921875 0.9511505421875001 0.31962732968749996 0.8535758984375 0.3185987875 0.8541322484375 0.37074603281249996
0 0.8302778656250001 0.4670169609375 0.9123042078125 0.4894428890625 0.926856940625 0.41887193749999996 0.8350506875000001 0.406746028125 0.8302778656250001 0.4670169609375
0 0.731961375 0.1168892265625 0.801972675 0.1461099234375 0.8192192796875 0.0852573625 0.7693375703124999 0.06769017187500001 0.738850009375 0.06163031249999999 0.731961375 0.1168892265625
0 0.772047340625 0.32075964375 0.848266246875 0.33590929531249997 0.8574702859375 0.26427521249999997 0.7732283375 0.247530859375 0.772047340625 0.32075964375
0 0.7482124781249999 0.4262173953125 0.82930181875 0.427030215625 0.834074640625 0.36675928281250003 0.7520678203125 0.3535201765625 0.7482124781249999 0.4262173953125
0 0.7270519640625001 0.5322067109375 0.8077020875 0.5359932109375001 0.8195804750000001 0.46489069531249994 0.73400135 0.44788056093749995 0.7270519640625001 0.5322067109375
0 0.8211909593750001 0.5937719703125001 0.9062527781249999 0.5770085 0.9136804250000001 0.5080823140625 0.8219327390625001 0.523516865625 0.8211909593750001 0.5937719703125001
0 0.810649746875 0.6651402703125 0.8810612203125 0.6730136453125 0.8898260406249999 0.6043532421875 0.8140853968749999 0.6046035546875 0.810649746875 0.6651402703125
0 0.7801094953125001 0.76008228125 0.8634339640625001 0.7644003515625 0.869085221875 0.6981820578125 0.7861999671875 0.6908903125 0.7801094953125001 0.76008228125
0 0.7705052828125 0.8530636859375 0.84670466875 0.85902651875 0.8612574015625001 0.7884555671875 0.7770349750000001 0.7808980359375 0.7705052828125 0.8530636859375
0 0.7157104078125001 0.6462696515624999 0.7985761390625 0.644374578125 0.8028902203125 0.577890503125 0.7195657484375 0.5735724359375001 0.7157104078125001 0.6462696515624999
0 0.6704806984375 0.328120571875 0.7475975609375001 0.3465096859375 0.75456646875 0.27137035625 0.6747947796875 0.261636496875 0.6704806984375 0.328120571875
0 0.6497789218750001 0.44032303125 0.7326836984375 0.456801596875 0.733445 0.3957333140625 0.6629749609375 0.3602994765625 0.6497789218750001 0.44032303125
0 0.6325908859375 0.5287360546875 0.7146172265625 0.55116198125 0.7207272234375 0.49115683125 0.638261665625 0.471704584375 0.6325908859375 0.5287360546875
0 0.6167595453125 0.626601684375 0.701460234375 0.6495591765625 0.7124211421875 0.5660303765625 0.62550484375 0.548754459375 0.6167595453125 0.626601684375
0 0.5995519859375 0.7058278890625 0.6806998937500001 0.734201171875 0.688127540625 0.665274984375 0.6061207203125 0.6520358796875 0.5995519859375 0.7058278890625
0 0.5756780796875 0.792911996875 0.6612962484375 0.8282957734374999 0.6718374609375 0.756927471875 0.58402320625 0.7364120921875 0.5756780796875 0.792911996875
0 0.5651759109375 0.8826539390624999 0.6391792109375001 0.9034851640625 0.6501986843750001 0.8475168265624999 0.5730818203125 0.8291277125000001 0.5651759109375 0.8826539390624999
0 0.54888583125 0.974306425 0.6304339109375 0.9813323890625 0.6387595140625 0.9156456640625 0.55449804375 0.8897144921875 0.54888583125 0.974306425
0 0.619974225 1 0.6202147828125 0.9946060843750001 0.53731000625 0.9781275171875 0.5340794046874999 1 0.619974225 1
0 0.6852872859375 0.7963325890624999 0.7517067609375 0.8125954359374999 0.7618282765625 0.7533876359375 0.6878445015625 0.74174323125 0.6852872859375 0.7963325890624999
0 0.6574213828125 0.89180616875 0.7465532890625 0.9034005125 0.7539809359375 0.8344743250000001 0.6604178140625 0.8342431296875 0.6574213828125 0.89180616875
0 0.7252981453125 1 0.7350165078125 0.9255952453124999 0.65211173125 0.909116678125 0.6375785203125 0.9888744468749999 0.69355191875 1 0.7252981453125 1
0 0.7644343328125001 0.931442478125 0.8366612390625001 0.9549816 0.8400968890625 0.8944448843749999 0.769646371875 0.8681978656249999 0.7644343328125001 0.931442478125
0 0.8217533671874999 1 0.826881328125 0.9652816171874999 0.7559915937499999 0.9420082796875 0.74974226875 1 0.8217533671874999 1
0 0.392334334375 0.0159863984375 0.33291691874999996 0.013565325 0.3272759703125 0.051756834375000005 0.4352454453125 0.12219306875 0.4453474421875 0.0537984484375 0.392334334375 0.0159863984375
0 0.5573479578125 0.13421885312499998 0.6456404734375 0.17013419531250001 0.664624425 0.088200096875 0.5732183421875 0.054726864062500005 0.5573479578125 0.13421885312499998
0 0.43574322812500005 0.1467798515625 0.531219396875 0.20861089531250002 0.541301871875 0.131029453125 0.4529703109375 0.07674046875 0.43574322812500005 0.1467798515625
0 0.5283010546875 0.3029212140625 0.6201658765625 0.3426075890625 0.631585521875 0.2652919296875 0.5432930078125 0.22937658593750002 0.5283010546875 0.3029212140625
0 0.51462675625 0.3675448078125 0.6056326656250001 0.4223653578125 0.616632615625 0.35721020000000003 0.5269834046875 0.31184225312499997 0.51462675625 0.3675448078125
0 0.2964526796875 0.22316709218750003 0.39634054375 0.264448165625 0.4158027546875 0.19791402656249998 0.307433109375 0.1488251140625 0.2964526796875 0.22316709218750003
0 0.28465238125000003 0.331016890625 0.397014028125 0.37171633593750003 0.413801890625 0.30465063125 0.301401203125 0.24557754687500002 0.28465238125000003 0.331016890625
0 0.2542292625 0.4810798296875 0.3582067375 0.5599055359375 0.3753947765625 0.471492509375 0.269221215625 0.40753519843749997 0.2542292625 0.4810798296875
0 0.394437290625 0.4171188734375 0.49612106875000006 0.46487887031249997 0.5066427578125 0.38432374999999996 0.40228463437500006 0.336032184375 0.394437290625 0.4171188734375
0 0.4900696390625 0.55244448125 0.5810169796875 0.5797045703125 0.5920169328125 0.5145494109375 0.5014892843750001 0.4751288234375 0.4900696390625 0.55244448125
0 0.36678613125 0.61364748125 0.46525873281249996 0.6179154859375 0.4749019875 0.5433077234375 0.3777470375 0.5301186812500001 0.36678613125 0.61364748125
0 0.47259856093749997 0.717325753125 0.5706124234375001 0.7153806171875 0.572252159375 0.648364975 0.570017028125 0.6448597296874999 0.47866951406249997 0.6389469609375 0.47259856093749997 0.717325753125
0 0.23234649375 0.6665110703125 0.33620683281249997 0.69021585 0.35345343749999997 0.6293632890625 0.23887618437499997 0.5943454203125 0.23234649375 0.6665110703125
0 0.2213270203125 0.7224794078125 0.3332494453125 0.7661525296875 0.3411944 0.730999946875 0.34472766093749996 0.7163973343750001 0.228813234375 0.681113684375 0.2213270203125 0.7224794078125
0 0.446606659375 0.856025540625 0.5464359562500001 0.8697461499999999 0.55697716875 0.7983778515625 0.5565184296875 0.7921647078125 0.45004230781250004 0.7954888234374999 0.446606659375 0.856025540625
0 0.3558057 0.687989459375 0.4632188234375 0.7062784484375 0.469289775 0.62789965625 0.36235491406250003 0.6250106296875 0.3558057 0.687989459375
0 0.40088889375000003 0.3082059390625 0.5061644953125 0.3689237875 0.522015359375 0.2802449796875 0.422547190625 0.2268034046875 0.40088889375000003 0.3082059390625
0 0.43828105468749995 0.921712265625 0.5238797015625 0.9479092203124999 0.530887653125 0.891143534375 0.44349309375 0.8584676515625 0.43828105468749995 0.921712265625
0 0.20519311562500003 0.8876264624999999 0.3036852390625 0.9010812890625 0.3191164078125 0.82456298125 0.20681332968750002 0.8114239984375 0.20519311562500003 0.8876264624999999
0 0.179923471875 0.9468843250000001 0.273545159375 0.9746759796875001 0.28145106875 0.9211497546875 0.1869119 0.8809318171875 0.179923471875 0.9468843250000001
0 0.512249934375 1 0.5124014875 0.9976644171875 0.42594392968749994 0.9866016390624999 0.4242736765625 1 0.512249934375 1
0 0.2957793296875 0.9546075140625 0.4201169734375 0.9701385453125001 0.43004326875 0.8190625359375 0.3248457546875 0.795091971875 0.2957793296875 0.9546075140625
0 0.7052959875 0.1483208421875 0.6969313406250001 0.1956339265625 0.7904554171875 0.1774914765625 0.7725743734375 0.1494495109375 0.7052959875 0.1483208421875
0 0.5715786078125 0.1217425078125 0.5472459609375 0.20261347343749997 0.6569332593749999 0.24278135 0.652345865625 0.18064993437500002 0.5715786078125 0.1217425078125
0 0.539350853125 0.0219768625 0.4523730515625 0.0184327890625 0.44269261406249993 0.062453703125 0.5599637375000001 0.1071899578125 0.5663533484375 0.027344014062499998 0.539350853125 0.0219768625