0 0.9603315328124999 0.82499275625 0.95331094375 0.77027585 0.8610564546875 0.7790482046875 0.728912865625 0.7472339734375 0.7273696593750001 0.7916317390625001 0.8566923234375 0.8338963109374999 0.9603315328124999 0.82499275625
0 0.9578969359375 0.7482413625000001 0.9497036046874999 0.6911418671875 0.8551036312500001 0.69514905 0.719550759375 0.6776465421875 0.7224647656250001 0.729077071875 0.854374603125 0.7583937140625 0.9578969359375 0.7482413625000001
0 0.9356227640625001 0.6827615109375 0.9307139046874999 0.6303121890625001 0.8483207640625 0.632824378125 0.7129976796874999 0.6279248078124999 0.7147468781249999 0.656762053125 0.843485153125 0.6927826609375 0.9356227640625001 0.6827615109375
0 0.9371778687500001 0.6080477078125 0.9339132296875 0.55287080625 0.84212625 0.5666383296874999 0.6964663734375 0.5832144484375 0.7104184375 0.6206620468749999 0.84421815 0.6194326484375 0.9371778687500001 0.6080477078125
0 0.92699365 0.5398240734375 0.921145803125 0.4874897515625 0.8359317374999999 0.5004522812500001 0.693435490625 0.5305351265625 0.70621084375 0.575705484375 0.8333287 0.553821596875 0.92699365 0.5398240734375
0 0.9099988031249999 0.4800131890625 0.905206821875 0.4288126640625 0.8130692109375 0.438833809375 0.6881720328125 0.48444477187499996 0.7030630828125 0.5217773734375 0.811522040625 0.493336921875 0.9099988031249999 0.4800131890625
0 0.8948779625000001 0.4300776578125 0.8927820984375 0.387388678125 0.8002978187500001 0.38355810468749996 0.679740978125 0.43495303593749995 0.6900539718750001 0.4741094265625 0.806262546875 0.437141221875 0.8948779625000001 0.4300776578125
0 0.8922016749999999 0.3710393703125 0.8864707078125 0.3199538375 0.7899927625000001 0.32419101875 0.6664981125 0.3847875015625 0.68162291875 0.42461769218749995 0.7945509890625 0.3728939609375 0.8922016749999999 0.3710393703125
0 0.8889370359375001 0.3158624609375 0.8828554359374999 0.26103055625 0.7836734375 0.27696687343750004 0.6683959203125001 0.334030771875 0.676480303125 0.36967078125 0.7815418765625 0.32522601406249996 0.8889370359375001 0.3158624609375
0 0.8747551796874999 0.26581193125 0.8724255640624999 0.22062537031249999 0.7728969015625 0.2227099609375 0.661842840625 0.28430903125 0.6708662125 0.319834046875 0.772993946875 0.2744854875 0.8747551796874999 0.26581193125
0 0.8665578859374999 0.21881777656249998 0.8619996593750001 0.17011483593750001 0.7705752125 0.1573127046875 0.652001325 0.24004247343750001 0.6633741468750001 0.2702273125 0.774307365625 0.217484784375 0.8665578859374999 0.21881777656249998
0 0.8520491984375 0.1043887859375 0.850658565625 0.059087225 0.7600562265625 0.0449213015625 0.6401768546875 0.16444107187499998 0.657179634375 0.20404126093750002 0.7669599390624999 0.09838942187500001 0.8520491984375 0.1043887859375
0 0.7427102078125001 0 0.639958965625 0.12152210000000001 0.6496915343749999 0.14432918125 0.7511378343749999 0.0409611265625 0.8541807578125 0.0561296453125 0.8522017703125 0.0146894625 0.7681854109375 0 0.7427102078125001 0
0 1 0.694579196875 0.9651949046875 0.6942970500000001 0.96822579375 0.7469763671874999 1 0.7451223031249999 1 0.694579196875
0 1 0.6373406125 0.9444441125 0.634946165625 0.9467737312500001 0.6801327265625 1 0.6826113375 1 0.6373406125
0 1 0.573828515625 0.9497472328125 0.579983059375 0.9501988765625 0.6253996203125001 1 0.6215242140624999 1 0.573828515625
0 1 0.5065430656250001 0.9443748281250001 0.5124332203125 0.9438835203125 0.5680701203125 1 0.560338415625 1 0.5065430656250001
0 1 0.44391846562500004 0.926678715625 0.445129575 0.9360487515625 0.4945063125 1 0.4962183640625 1 0.44391846562500004
0 1 0.41352510468750003 0.997328309375 0.3849791046875 0.9966550640625 0.3809827125 0.907801925 0.3956540375 0.9177603171875001 0.44116939374999997 1 0.43228530625 1 0.41352510468750003
0 0.913206059375 0.382361109375 0.9966937265625001 0.37819880625 0.9916845734375 0.3246778921875 0.9075919671875001 0.332524375 0.913206059375 0.382361109375
0 0.9836697515624999 0.2726826890625 0.9037389750000001 0.281208846875 0.90430749375 0.3278741984375 0.987994221875 0.318888040625 0.9836697515624999 0.2726826890625
0 0.969371021875 0.221383359375 0.8941351781250001 0.22933452187499997 0.894469946875 0.273502284375 0.9722850296875001 0.272813890625 0.969371021875 0.221383359375
0 0.96516739375 0.16632145625 0.8770234531250001 0.1682748453125 0.8794699484375 0.2147101984375 0.9681982765624999 0.2190007765625 0.96516739375 0.16632145625
0 0.9505299265625 0.0809597078125 0.8775306234375 0.07221655625 0.8745809203125001 0.11173414687500001 0.9567323734375 0.1269350625 0.9505299265625 0.0809597078125
0 0.9476931375 0.13183143749999998 0.8744600765625 0.1205907015625 0.8731506250000001 0.167486053125 0.950611109375 0.17315661875 0.9476931375 0.13183143749999998
0 0.726414809375 0.8321681234374999 0.7202123609375 0.7861927671875 0.6389840328124999 0.8112982343749999 0.55461190625 0.77237024375 0.5551843953125 0.8089302515625001 0.6361512046875 0.8520646218750001 0.726414809375 0.8321681234374999
0 0.71189421875 0.7480551703125 0.7055748984375 0.70083101875 0.6212918843749999 0.7338892484375 0.5472406828125 0.71390695625 0.5482806828125 0.7554621312500001 0.6247942484375 0.78145839375 0.71189421875 0.7480551703125
0 0.699940975 0.701521015625 0.6911592890625 0.6482829 0.6010125656249999 0.6694281906249999 0.5361095437500001 0.6660090125 0.53949899375 0.7022240171874999 0.6053370375 0.71563354375 0.699940975 0.701521015625
0 0.6931581046875 0.6391963515625 0.684138703125 0.5935659890625 0.59317383125 0.605969728125 0.5242731796875 0.620723653125 0.5377537640625001 0.6632814234375 0.598437290625 0.6520600828124999 0.6931581046875 0.6391963515625
0 0.687777771875 0.5918572 0.6856819078124999 0.5491682265625 0.5924884296874999 0.55805558125 0.5215929234375001 0.5717907125 0.5369514875 0.6141184843749999 0.5988077546875 0.60527973125 0.687777771875 0.5918572
0 0.6808700953125 0.5484944328125 0.6689168484375 0.501960278125 0.5851132421874999 0.5096976375 0.515507359375 0.52706415 0.522769634375 0.564067953125 0.5922546750000001 0.5555579984375 0.6808700953125 0.5484944328125
0 0.6670388734375 0.502190278125 0.6652936421875 0.463247684375 0.5816069140625 0.47223384062499996 0.5144673578125001 0.4855089671875 0.5195010250000001 0.5189963921875 0.580652065625 0.512770221875 0.6670388734375 0.502190278125
0 0.6574350796874999 0.4503159515625 0.6561613265624999 0.40626318906250003 0.56355620625 0.41128916406249993 0.5015711578125 0.44919516093749995 0.5109491312500001 0.47836120624999995 0.5699924015625 0.45976210625 0.6574350796874999 0.4503159515625
0 0.6522924640625 0.395369040625 0.648318625 0.35291006875 0.558760253125 0.3701939796875 0.5002974015625 0.405142396875 0.504275209375 0.4374960234375 0.5667277609375 0.40458519531250003 0.6522924640625 0.395369040625
0 0.642217190625 0.34860489375000003 0.640826559375 0.303303334375 0.5469278515625 0.31480327343750003 0.49702879843750003 0.360070834375 0.503472928125 0.3883330828125 0.5597032078125 0.3599736328125 0.642217190625 0.34860489375000003
0 0.639182340625 0.30603092187500003 0.637207321875 0.2544853921875 0.544013846875 0.2633727453125 0.491765334375 0.31398048125 0.49832635 0.3434915203125 0.547399328125 0.3096931046875 0.639182340625 0.30603092187500003
0 0.625250109375 0.21805658437500003 0.6252659734375 0.17763520156249998 0.533837559375 0.174938415625 0.47805892656250004 0.2487144265625 0.48720314531250003 0.2753828859375 0.5393387421875 0.21342101093750002 0.625250109375 0.21805658437500003
0 0.6290417500000001 0.12664847343750002 0.6285861390624999 0.0913372609375 0.5392734234375001 0.08080271875 0.47844128750000003 0.1716180359375 0.49239731718749996 0.19896029375 0.5370289515625 0.117707721875 0.6290417500000001 0.12664847343750002
0 0.22785967031249998 0.755567740625 0.1328588875 0.7672026562500001 0.1370651328125 0.7986358203125 0.2319103265625 0.7853384703125 0.22785967031249998 0.755567740625
0 0.220697190625 0.6925483203125 0.122257559375 0.7079673734374999 0.1266193984375 0.7410629765625 0.22521461875 0.7273063546875 0.220697190625 0.6925483203125
0 0.22383541718750002 0.6585341703125 0.1275846265625 0.6703221765625 0.1328852875 0.699939815625 0.2269472421875 0.6917828640625 0.22383541718750002 0.6585341703125
0 0.22009594687499998 0.632088309375 0.12525075624999998 0.6453856578125 0.130556696875 0.66155073125 0.21992979687499997 0.6573310109375 0.22009594687499998 0.632088309375
0 0.2202832171875 0.5530353375 0.1187212 0.5621108390625 0.12214948750000001 0.5852318296875 0.22417827968749998 0.5811436328124999 0.2202832171875 0.5530353375
0 0.20936542500000002 0.5039277515625 0.11389786875 0.5105753671875 0.12169855624999999 0.5398868218749999 0.21419931874999998 0.528558090625 0.20936542500000002 0.5039277515625
0 0.20891449374999999 0.4585827453125 0.10782453125 0.459192984375 0.107969559375 0.4877605546875 0.21093718125 0.4801943984375 0.20891449374999999 0.4585827453125
0 0.324065753125 0.45961338124999995 0.22625376562500002 0.46822960937499997 0.22921 0.4998158640625 0.327333171875 0.49452450625 0.324065753125 0.45961338124999995
0 0.3159591640625 0.41352448593749996 0.22268044531250003 0.41654104687500004 0.2250143140625 0.44147756562499996 0.317198615625 0.44027653125 0.3159591640625 0.41352448593749996
0 0.2065964625 0.3932885265625 0.1173789578125 0.39917068125 0.1201796015625 0.42909450624999995 0.21158066406249998 0.43303386875000005 0.2065964625 0.3932885265625
0 0.31238584375 0.361835921875 0.21723474843749999 0.358355834375 0.2236298328125 0.386157946875 0.3159697265625 0.3866193515625 0.31238584375 0.361835921875
0 0.4202373453125 0.6496138921875 0.3502367703125 0.6581869874999999 0.35569302343750003 0.689467059375 0.4220991625 0.683015671875 0.4202373453125 0.6496138921875
0 0.4126028125 0.5950597296875 0.3457299015625 0.5965238171875 0.346969353125 0.623275859375 0.41790347656250004 0.6246773734375 0.4126028125 0.5950597296875
0 0.396550509375 0.491091809375 0.3446777203125 0.49071879999999996 0.34685599843750003 0.51399288125 0.40107321875 0.512397275 0.396550509375 0.491091809375
0 0.5361107281249999 0.6933571281249999 0.52855536875 0.6511412890625 0.501087865625 0.6529074609375 0.451939059375 0.6669159078125 0.45712381718749995 0.6966395125 0.5052326625 0.6843562578125 0.5361107281249999 0.6933571281249999
0 0.5060020140625 0.61555574375 0.45507399218750005 0.6233908109375 0.45892309062500003 0.651680171875 0.5099989593750001 0.6454248203125 0.5060020140625 0.61555574375
0 0.49577533125000006 0.5704714234375 0.44855859374999996 0.5794497828125 0.45151557656249997 0.611044046875 0.4970959375 0.610255203125 0.49577533125000006 0.5704714234375
0 0.4919262328125 0.542182059375 0.44189033125000005 0.5467122265625 0.4467793859375 0.5732764031250001 0.499190915625 0.5684552890625 0.4919262328125 0.542182059375
0 0.489122115625 0.499384328125 0.44532096406250005 0.5063465546875 0.450210021875 0.53291073125 0.49341475937499996 0.532412834375 0.489122115625 0.499384328125
0 0.478304040625 0.44798115312500003 0.44296039218749994 0.4682879625 0.4514128859375 0.49441571875 0.48675151093749996 0.48689209375000003 0.478304040625 0.44798115312500003
0 0.49969968593749997 0.4070130953125 0.4948156453125 0.3676657390625 0.4581413546875 0.373755125 0.42858390156250004 0.40453803125 0.43866775 0.43525945468750005 0.46644098125 0.41108634843749997 0.49969968593749997 0.4070130953125
0 0.48726028125000004 0.3254498984375 0.4822283921875 0.2845228265625 0.45297666718749996 0.2928988015625 0.42341419687500004 0.3364648828125 0.4296389125 0.36446330625 0.4538537265625 0.3279434390625 0.48726028125000004 0.3254498984375
0 0.4807549171875 0.25594251875 0.4749787625 0.219900059375 0.4439478296875 0.22210265156250003 0.4130496984375 0.264234496875 0.424025659375 0.29165101718750003 0.4414093109375 0.2591634234375 0.4807549171875 0.25594251875