0 0.4066980453125 0.3091907359375 0.189353625 0.3097845140625 0.1700128171875 0.39344048125 0.398927996875 0.40295990625 0.4066980453125 0.3091907359375
0 0.6623987203125 0.281968953125 0.445525190625 0.2912395484375 0.44791323125 0.3690914890625 0.6601450203125 0.3419884625 0.6623987203125 0.281968953125
0 0.9983426921874999 0.25576997343749996 0.7353973578125 0.28707155 0.73387674375 0.387382465625 0.997664459375 0.372348346875 0.9983426921874999 0.25576997343749996
0 0.997059275 0.4763707828125 0.9974442921875 0.410191784375 0.6999164671875 0.4131400875 0.69871969375 0.43057406093750006 0.696738125 0.47303339843750003 0.997059275 0.4763707828125
0 0.9968621484375 0.510253825 0.9969605203125 0.493345128125 0.6967577140625 0.493137471875 0.6879291171874999 0.5673757640625 0.9858295171875 0.5777527453125 0.9968621484375 0.510253825
0 0.9841051249999999 0.5856013703125 0.667711871875 0.5798356703125 0.6576669093749999 0.6514038609374999 0.9692259671875 0.6793351875 0.9831765562499999 0.59398386875 0.9841051249999999 0.5856013703125
0 0.65816704375 0.7494635781250001 0.9527090406250001 0.7803876609375 0.9675005046875 0.689891765625 0.66416071875 0.6723457421875 0.65816704375 0.7494635781250001
0 0.9466916453125 0.8043894249999999 0.641206496875 0.7824464625 0.632387696875 0.8667367828125 0.936612578125 0.8788676765625001 0.9449203374999999 0.8280398453125001 0.9466916453125 0.8043894249999999
0 0.828247290625 0.975731184375 0.9212225140625 0.9730258812500001 0.9344657578125 0.892002178125 0.6319953 0.8792494703125 0.6231862953125 0.9735918281249999 0.828247290625 0.975731184375
0 0.598358859375 0.8221301484374999 0.3038014109375 0.80411399375 0.2921574828125 0.8955768046875001 0.5867345234375 0.933697034375 0.598358859375 0.8221301484374999
0 0.610414771875 0.73825873125 0.34741424374999996 0.7193008671875 0.31917278437499996 0.8010777671874999 0.609669159375 0.8034922453125001 0.610414771875 0.73825873125
0 0.122288159375 0.5394065218749999 0.0810786671875 0.5994037328124999 0.06778680312499999 0.6605009828124999 0.33564299375 0.6800872015625 0.336820178125 0.6425491546875 0.348876090625 0.5586777374999999 0.122288159375 0.5394065218749999
0 0 0.800320278125 0.28279936875 0.8415992671874999 0.3279817890625 0.706735409375 0.07061193125000001 0.6533284984375001 0 0.764681865625 0 0.800320278125
0 0.63852890625 0.5258053546875 0.38726045781249996 0.5058530046875 0.38855517812499996 0.5889394 0.6268653921875 0.5971640921875 0.63852890625 0.5258053546875
0 0.3872408703125 0.48574893750000003 0.1667249703125 0.46977617031249996 0.1514123609375 0.533124615625 0.3719282578125 0.5490973765625 0.3872408703125 0.48574893750000003
0 0.6541457609375 0.3594758984375 0.4372887546875 0.3615654640625 0.417944446875 0.43946833906249994 0.6493684531249999 0.43926383593749996 0.6541457609375 0.3594758984375
0 0.736368859375 0.0384407390625 0.7348188640625 0.1085955453125 0.9516464906250001 0.076349865625 0.9504549953125 0.0375061046875 0.8420144015625001 0.0234731703125 0.736368859375 0.0384407390625
0 0.923826809375 0.1757701984375 0.7219389875 0.1772841828125 0.70623398125 0.2531453078125 0.9141840359375 0.2448777421875 0.923826809375 0.1757701984375