0 0 0.1178374046875 0.0726776796875 0.12098186875000001 0.0700971140625 0.0842573453125 0 0.10154793749999999 0 0.1178374046875
0 0 0.2390425015625 0.081844425 0.240993309375 0.0749034390625 0.1543974515625 0 0.164778996875 0 0.2390425015625
0 0.114231303125 0.27376208125 0.0078801921875 0.27961654999999996 0.021642178125 0.34754759687500003 0.1167168234375 0.3308888109375 0.114231303125 0.27376208125
0 0.139661371875 0.369383146875 0.040259160937499996 0.3871093984375 0.0603147125 0.463677415625 0.14844045781249998 0.43514684687500005 0.139661371875 0.369383146875
0 0.19764181875 0.1920512390625 0.10676288593750001 0.2144680046875 0.1210483453125 0.2924593078125 0.20327214218749998 0.2721774734375 0.19764181875 0.1920512390625
0 0.2270038828125 0.3070811765625 0.13835466406250002 0.3255514859375 0.147133746875 0.3913151875 0.23551925312500002 0.386495765625 0.2270038828125 0.3070811765625
0 0.252302096875 0.4095276859375 0.15998063906249999 0.4323002734375 0.17715114375000002 0.509579934375 0.2648813171875 0.5015257015625 0.252302096875 0.4095276859375
0 0.1608917765625 0.496608271875 0.0599191390625 0.48415375312500003 0.07210674375000001 0.5592660656249999 0.16586676718749999 0.57349969375 0.1608917765625 0.496608271875
0 0.17425818906249999 0.5850156546874999 0.091642775 0.5884117875 0.1052729 0.66316828125 0.18159475 0.6511351750000001 0.17425818906249999 0.5850156546874999
0 0.20978591875000002 0.67814596875 0.11982603124999999 0.6901466562499999 0.1299157796875 0.7623799796874999 0.2205309984375 0.753614103125 0.20978591875000002 0.67814596875
0 0.2251183265625 0.7762577875 0.13371591875 0.788614296875 0.15377146875 0.8651823140625 0.2365187421875 0.8549607343750001 0.2251183265625 0.7762577875
0 0.27549849531250004 0.5464572453125001 0.1848832796875 0.555223121875 0.19353050624999998 0.627812265625 0.28401386562500003 0.6258718359375 0.27549849531250004 0.5464572453125001
0 0.3058270703125 0.20272664843750002 0.2194075625 0.2172505046875 0.23146330937499998 0.2991882640625 0.31447429531250004 0.275315796875 0.3058270703125 0.20272664843750002
0 0.324568 0.31018707968750003 0.249816578125 0.35240095625 0.25426809375000003 0.41923212187500003 0.343704503125 0.3971711765625 0.324568 0.31018707968750003
0 0.358125775 0.43097499843750003 0.2693446984375 0.456270753125 0.2795663046875 0.521678634375 0.36769205 0.49314806562499997 0.358125775 0.43097499843750003
0 0.376606946875 0.5147242828125 0.2828429671875 0.5378526921875 0.299749759375 0.6287832437499999 0.39076055 0.59954103125 0.376606946875 0.5147242828125
0 0.40387115625 0.6268752281250001 0.315221934375 0.6453455406249999 0.3274095390625 0.7204578546875 0.41422462187500003 0.6854576609375 0.40387115625 0.6268752281250001
0 0.43297346093750005 0.71819401875 0.338422290625 0.7449130609375 0.3541502734375 0.82254854375 0.44542477968750005 0.7796554421875 0.43297346093750005 0.71819401875
0 0.450403725 0.8191848265624999 0.3673927390625 0.8430572953125001 0.382729103125 0.9038070749999999 0.4621997125 0.8774114375 0.450403725 0.8191848265624999
0 0.4742633703125 0.884625121875 0.3839079125 0.91710214375 0.39688270625 0.9886238265625 0.48540006875 0.9769789609374999 0.4742633703125 0.884625121875
0 0.32006506875 0.7290624078125 0.24007098437500002 0.7453977890625 0.25462015937500004 0.809738203125 0.326090965625 0.78871230625 0.32006506875 0.7290624078125
0 0.3554609390625 0.8290181671875001 0.253437396875 0.833805171875 0.265625 0.9089174859375 0.3621421671875 0.8919028765625001 0.3554609390625 0.8290181671875001
0 0.3884652078125 0.9927114234375001 0.368959209375 0.9106001046875001 0.2795227984375 0.9326610484375 0.290966496875 0.9944132703124999 0.3884652078125 0.9927114234375001
0 0.23835288124999998 0.8714906140625001 0.16307798281250002 0.9036442328125001 0.17041454375 0.9697637546875001 0.24778729687499998 0.940489125 0.23835288124999998 0.8714906140625001
0 0.2646346390625 0.9948728953125 0.25762124062499997 0.951649265625 0.1816910125 0.9805680718750001 0.18487104999999998 0.9962651734374999 0.2646346390625 0.9948728953125
0 0.5510180484375 0 0.5588038921875 0.038431996875 0.61180181875 0 0.5510180484375 0
0 0.42635551562499996 0.057516703125 0.4116744828125 0.0000017328125 0.3102857390625 0.025010915625 0.3321959625 0.1011214484375 0.42635551562499996 0.057516703125
0 0.5214677765625 0 0.44366578749999996 0.0532468421875 0.4592619125 0.137707771875 0.5597189859375 0.0653779578125 0.5399472890625 0 0.5214677765625 0
0 0.4473261578125 0.1610306796875 0.35316660781250003 0.20463542499999998 0.3702052546875 0.28874052968749997 0.46803704062499996 0.24083350937499998 0.4473261578125 0.1610306796875
0 0.47000303906249996 0.25053794375 0.3749244390625 0.30455876718749997 0.39078427968749996 0.375368803125 0.486781928125 0.31093190000000004 0.47000303906249996 0.25053794375
0 0.6997715953125 0.0613998453125 0.5844976765625 0.1204021734375 0.6096679843749999 0.1923120921875 0.7161549109374999 0.1422701390625 0.6997715953125 0.0613998453125
0 0.712087103125 0.167048753125 0.5930090890625 0.237178803125 0.6152943546875 0.3098003640625 0.735419315625 0.259790828125 0.712087103125 0.167048753125
0 0.75678553125 0.34282846875 0.6447882765624999 0.41800485624999995 0.6687758234375 0.5139817453125 0.777496415625 0.4226312984375 0.75678553125 0.34282846875
0 0.6074303624999999 0.2709826234375 0.49648401406250003 0.32891748593750003 0.5127354703125 0.41661322500000003 0.620796775 0.3593900046875 0.6074303624999999 0.2709826234375
0 0.5074888546875 0.42809676874999997 0.411099590625 0.47564797031249995 0.4269594296875 0.54645800625 0.5245275031250001 0.5122018734375 0.5074888546875 0.42809676874999997
0 0.6456994140625001 0.482312853125 0.5405271093749999 0.501462390625 0.555467903125 0.5826885078124999 0.6626062046875 0.573243403125 0.6456994140625001 0.482312853125
0 0.44058955781250003 0.6212144984375 0.44635173906250003 0.6945152875 0.5533581812499999 0.6918956296875 0.542089625 0.6063672390625 0.4428192703125 0.6172680421875001 0.44058955781250003 0.6212144984375
0 0.80095653125 0.5459099671875001 0.6780783828125 0.5898057015625 0.7004955015625 0.6556018171875 0.8123569453125 0.6246129140625001 0.80095653125 0.5459099671875001
0 0.6974746453125 0.70050094375 0.7082236828124999 0.73860704375 0.827693309375 0.6853626937499999 0.8170761328125 0.6404311515625001 0.692755459375 0.6846827078125 0.6974746453125 0.70050094375
0 0.466143575 0.7847341953125 0.4818715578125 0.8623696765625001 0.5899289046875 0.8425084953124999 0.58259234375 0.7763889749999999 0.46627543125 0.77790875 0.466143575 0.7847341953125
0 0.6681125796875 0.5854710078124999 0.551663809375 0.5938162296875 0.562932365625 0.679344621875 0.67898951875 0.6541136984375 0.6681125796875 0.5854710078124999
0 0.5788554890625 0.152362053125 0.4735473734375 0.2156990734375 0.49609239687500006 0.3120317828125 0.6073024609375001 0.2404460296875 0.5788554890625 0.152362053125
0 0.5934692828125 0.8450316640625 0.5000969234375 0.8850457765625 0.51110571875 0.946863021875 0.6029036999999999 0.9140301765625001 0.5934692828125 0.8450316640625
0 0.8487958109375 0.7820512265625 0.7271004249999999 0.801879990625 0.748466640625 0.8849176312499999 0.8550814656249999 0.8654122718749999 0.8487958109375 0.7820512265625
0 0.7739046203125 0.9058146234375 0.7784919484375 0.9284583046874999 0.8819601718750001 0.9029361859374999 0.8746214515625 0.8571959546875 0.7739046203125 0.9058146234375
0 0.6058006109375 0.8012324187500001 0.6255845375 0.966175403125 0.75797606875 0.9335188796875 0.7191045765624999 0.7698876953125 0.6058006109375 0.8012324187500001
0 0.1925389265625 0.084623221875 0.1747012234375 0.11619486406249999 0.2777717171875 0.131528375 0.26584387187499997 0.08012720625 0.1925389265625 0.084623221875
0 0.3255068234375 0.11296081250000001 0.3241882484375 0.1812152671875 0.4414281640625 0.1319173734375 0.41009614687499996 0.0445450375 0.3255068234375 0.11296081250000001
0 0.41813230937499996 0 0.42190004375 0.028047575 0.486155071875 0 0.41813230937499996 0