0 0.2278115109375 0.22795736249999998 0.22608132187500002 0.2839021828125 0.3202848859375 0.228987490625 0.5050284875 0.35602554375 0.509964890625 0.2787807296875 0.3173835515625 0.106575853125 0.2278115109375 0.22795736249999998
0 0.2170733140625 0.322909275 0.2140708421875 0.3942517234375 0.30725657968750003 0.3516551328125 0.4956135828125 0.46996797656249995 0.5014660906249999 0.399138896875 0.30801965625 0.25490643281250003 0.2170733140625 0.322909275
0 0.20898170624999998 0.455842228125 0.20353638749999997 0.53924609375 0.294329996875 0.45558893906250003 0.48731823125 0.5528584750000001 0.4951046703125 0.47612702812499996 0.2860340578125 0.3634591875 0.20898170624999998 0.455842228125
0 0.1931033640625 0.577996503125 0.18791250312500002 0.6583208421875 0.26745870781250003 0.5882645281250001 0.4857917859375 0.65884575 0.4890487140625 0.584423778125 0.27300575 0.486126828125 0.1931033640625 0.577996503125
0 0.16658825625 0.6888587312500001 0.1603795671875 0.781501171875 0.25651706406249997 0.7206841125000001 0.46512947968749996 0.7863890234375 0.47418820000000006 0.69425995 0.26425249375000004 0.609564521875 0.16658825625 0.6888587312500001
0 0.5213140171874999 0.24644605468749997 0.5276754375 0.1694579234375 0.371352971875 0.021628846875 0.32284040625 0.0188033125 0.2600266875 0.1181218671875 0.256464290625 0.16123522031249998 0.3402855484375 0.091948959375 0.5213140171874999 0.24644605468749997
0 0.6409650296875 0.4086395875 0.5185660015625 0.3147089765625 0.510932296875 0.4070947328125 0.63755536875 0.46740725000000005 0.6409650296875 0.4086395875
0 0.512510046875 0.42300572656249996 0.502789678125 0.505639540625 0.6357744624999999 0.5764740515625 0.6412197828124999 0.49307018593749996 0.512510046875 0.42300572656249996
0 0.510067790625 0.61008739375 0.5027902656250001 0.6806597890625 0.5061492125 0.67501410625 0.50528411875 0.7029865156249999 0.6282427765625 0.737636096875 0.6326702671875 0.666550334375 0.510067790625 0.61008739375
0 0.6118042171875 0.744051153125 0.4818732078125 0.7237724640625001 0.4794306578125 0.8233440046875 0.610633953125 0.8282250687499999 0.6118042171875 0.744051153125
0 0.5998954609375 0.835666859375 0.4786672875 0.83258258125 0.4743925296875 0.9193226531249999 0.5940429546875 0.9064959390625 0.5998954609375 0.835666859375
0 0.45184671249999997 0.912136190625 0.46299209843750005 0.8297590609375 0.2196703640625 0.7640527921875 0.1412437078125 0.80305716875 0.13400724375 0.8732314156250001 0.2229278796875 0.86465106875 0.45184671249999997 0.912136190625
0 0.45035201562499994 1 0.44706275 0.9175251890625 0.2359567765625 0.9170036749999999 0.162517534375 0.913151384375 0.1554689625 0.9634501828125 0.35838063125 1 0.45035201562499994 1
0 0.6632572703124999 0.68143595 0.6540458171875 0.7579107140625 0.766978346875 0.7563753640625 0.772576396875 0.6886258093750001 0.6632572703124999 0.68143595
0 0.7744088984374999 0.7889674015625 0.7771064921875 0.8613365843749999 0.90820776875 0.7974413578124999 0.9679567609375 0.82695590625 0.9687708484374999 0.7645953515625 0.9057646296874999 0.72199265 0.7744088984374999 0.7889674015625
0 0.644681921875 0.9062412921874999 0.6409160796875 0.986822315625 0.7433135656250001 0.9552610843749999 0.7400560484375001 0.8546628078125 0.644681921875 0.9062412921874999
0 0.5383632140625 0.2151381140625 0.523807871875 0.26877278125 0.6300227984375 0.366038921875 0.637045865625 0.29854605156249997 0.5383632140625 0.2151381140625
0 0.65134704375 0.3355010328125 0.64366233125 0.3934986453125 0.730792115625 0.45919880468749996 0.73888401875 0.4137759765625 0.65134704375 0.3355010328125
0 0.6525179 0.42634736562500003 0.646512659375 0.48152213593750004 0.74310865 0.55517813125 0.748045053125 0.4779333171875 0.6525179 0.42634736562500003
0 0.6539432109375001 0.514114175 0.6483451609374999 0.5818637296875 0.7384267 0.6293434203125 0.7440247515625 0.561593865625 0.6539432109375001 0.514114175
0 0.96563716875 1 0.9668375031249999 0.9455179671874999 0.8873927281249999 0.909330321875 0.77089780625 0.9539790234375 0.7719885703125 1 0.96563716875 1
0 0.7658590890625 0.874937425 0.7711522609375 0.9508994984375001 0.9112108296875 0.9011191593750001 0.969992709375 0.8898298296875 0.96006830625 0.8349110640624999 0.9111088125 0.8323428703125 0.7658590890625 0.874937425
0 0.1630748125 0.1537893578125 0.1534561671875 0.2176893359375 0.2332061125 0.1976754765625 0.239974725 0.1332621296875 0.1630748125 0.1537893578125
0 0.12907873281249999 0.3726916515625 0.124752965625 0.42504358125 0.1993117578125 0.39784393749999997 0.2050115328125 0.3113605484375 0.12907873281249999 0.3726916515625
0 0.033700125 0.8270603187500001 0.04439355625 0.8199908234375 0.0486683140625 0.7332507500000001 0.030549512499999997 0.749738728125 0.033700125 0.8270603187500001
0 0.562790759375 1 0.611245178125 0.9783524328125001 0.6025930578125 0.908036040625 0.4788203140625 0.9357470156250001 0.4839108203125 1 0.562790759375 1
0 0.757410415625 0.7671533625 0.65119578125 0.757397346875 0.63099138125 0.844393425 0.750285625 0.8533800687499999 0.757410415625 0.7671533625