0 0.2511547890625 0.8171562625 0.1910674546875 0.917737525 0.526860121875 0.8831741 0.5370983421875 0.7852947875 0.2511547890625 0.8171562625
0 0.2771022640625 0.7399427578125 0.281897803125 0.771462215625 0.45287292968750004 0.7390224562500001 0.44164116406250004 0.7123917734375 0.2771022640625 0.7399427578125
0 0.2971680171875 0.7774444015624999 0.3035226546875 0.807413340625 0.4715793953125 0.7793879312499999 0.4656243796875 0.7520456171875 0.2971680171875 0.7774444015624999
0 0.26147215625000003 0.7038048921875 0.2685706375 0.737281840625 0.4408039828125 0.709562778125 0.4363399171875 0.680221971875 0.26147215625000003 0.7038048921875
0 0.2441032375 0.66871875 0.2527201171875 0.6989966375 0.42388146875 0.6774107109374999 0.4158901734375 0.6380656046875 0.2441032375 0.66871875
0 0.23629112343749997 0.6173723453125 0.2460240203125 0.654985434375 0.41606935468749995 0.62606430625 0.40111165625 0.5936472671875 0.23629112343749997 0.6173723453125
0 0.2232542015625 0.571221990625 0.23276389531250002 0.607368040625 0.39691481562500003 0.5792418421875001 0.39463876249999996 0.551103103125 0.2232542015625 0.571221990625
0 0.21789732343749998 0.536013025 0.2230309984375 0.5697549515625 0.3895931328125 0.5442978578125001 0.3864242640625 0.510290953125 0.21789732343749998 0.536013025
0 0.21316603125000003 0.49173684531250006 0.2172277140625 0.5316119031250001 0.390309853125 0.4962926625 0.37995137031250004 0.467746790625 0.21316603125000003 0.49173684531250006
0 0.199236296875 0.4397183296875 0.205709190625 0.48226249218749995 0.371601715625 0.45240427656250004 0.3616456140625 0.4133241484375 0.199236296875 0.4397183296875
0 0.1833417546875 0.3879647921875 0.1950834796875 0.43878124375 0.3609760046875 0.4089230265625 0.36468241562500003 0.40692603437499997 0.3614695234375 0.359450796875 0.1833417546875 0.3879647921875
0 0.161823109375 0.2860669078125 0.1691888171875 0.334479234375 0.34316376875 0.3050281546875 0.3342796625 0.25981488750000004 0.161823109375 0.2860669078125
0 0.16485681875 0.3455434421875 0.1693208828125 0.3748842484375 0.35227107812499997 0.35170846093749997 0.3429845875 0.3170294515625 0.16485681875 0.3455434421875
0 0.14396376093750002 0.23457834375000003 0.1484718484375 0.277387490625 0.33052923125 0.248343540625 0.3249491484375 0.211667534375 0.14396376093750002 0.23457834375000003
0 0.119317178125 0.17801655156250001 0.1253876890625 0.231094971875 0.3205291078125 0.195795071875 0.3042321796875 0.1545757875 0.119317178125 0.17801655156250001
0 0.3411611203125 0.1600754890625 0.35245643437499996 0.2079578609375 0.5148657531249999 0.1815636796875 0.5024984390625 0.139814446875 0.3411611203125 0.1600754890625
0 0.3633964828125 0.21396817812500002 0.3676813671875 0.25531028437500003 0.54080753125 0.23345937968750002 0.52473380625 0.1937071359375 0.3633964828125 0.21396817812500002
0 0.3866567328125 0.31413404843750004 0.39009282500000003 0.36307632500000003 0.5485725312499999 0.3372120953125 0.5445108484375 0.29733703125 0.3866567328125 0.31413404843750004
0 0.39777287031249997 0.37401771093749997 0.3996465421875 0.4126907125 0.5625022656249999 0.3892306109375 0.5588869921875 0.352289628125 0.39777287031249997 0.37401771093749997
0 0.41822261406249994 0.416174084375 0.4273299234375 0.4628543921875 0.57665520625 0.4427161671875 0.5717007125 0.39697294843750003 0.41822261406249994 0.416174084375
0 0.41880108906249996 0.4595131765625 0.42134436875 0.50258729375 0.5962561578125001 0.4924727125 0.5997393640625 0.489008678125 0.5989376875 0.44420254375 0.41880108906249996 0.4595131765625
0 0.46844002500000004 0.6681402750000001 0.480092196875 0.7131704609375 0.64630068125 0.6853782328125 0.6440575328125 0.6390791328125001 0.46844002500000004 0.6681402750000001
0 0.6076632234375 0.38409369375 0.6224166 0.417951428125 0.7431305703125 0.3909175453125 0.7215876515625 0.3597678328125 0.6076632234375 0.38409369375
0 0.5655972359375 0.2338305953125 0.5879418171874999 0.27024931093750004 0.7099391796875001 0.23587287343750002 0.6933679828125 0.20584503281250002 0.5655972359375 0.2338305953125
0 0.5867638390625001 0.3098403140625 0.594727665625 0.3464060625 0.721749459375 0.32927571875 0.7161378890625001 0.2923927421875 0.5867638390625001 0.3098403140625
0 0.5677423796875 0.0901517140625 0.5788601171875001 0.13166923749999998 0.7056146875 0.11278256093750001 0.69610025625 0.081803034375 0.5677423796875 0.0901517140625
0 0.5882691328125 0.13040032343750002 0.5850061234374999 0.17206488125 0.6966309984375 0.1641804703125 0.6983434125 0.1281021328125 0.5882691328125 0.13040032343750002
0 0.6273883234375 0.4190733046875 0.6363683171875001 0.4465401671875 0.7531794359374999 0.42540973906249996 0.7413127562499999 0.3947474390625 0.6273883234375 0.4190733046875
0 0.45161762968749997 0.5841080046875 0.460144253125 0.6220426390625 0.6251299140625 0.6018495140625 0.612124028125 0.5706902046875 0.45161762968749997 0.5841080046875
0 0.36113354375 0.2610065515625 0.3681872421875 0.307368153125 0.5601694562499999 0.2835342359375 0.5429305015625 0.24266039374999998 0.36113354375 0.2610065515625
0 1 0.6007809 0.9948309 0.598612365625 0.982949746875 0.6253565828125 1 0.633628434375 1 0.6007809
0 0.5709179375 0.3051184171875 0.7148590265625 0.28438305625 0.70333625625 0.2435927671875 0.566538878125 0.264687975 0.5709179375 0.3051184171875
0 0.3512856453125 0.142865884375 0.5382862515625 0.1255862609375 0.5270802203125 0.063581125 0.332580259375 0.089811671875 0.3512856453125 0.142865884375
0 0.12067258593750001 0.164703890625 0.2985956015625 0.1460019671875 0.29129625625 0.098025809375 0.10374271718750001 0.1233195546875 0.12067258593750001 0.164703890625
0 0.7293584296875 0.12751343906249998 0.8157577 0.10958343125 0.8037377015624999 0.0747916015625 0.7187990765625 0.0912690140625 0.7293584296875 0.12751343906249998
0 0.72527446875 0.1669883015625 0.8197257171875 0.146716775 0.8093904796875 0.122998284375 0.7150895 0.13320461875 0.72527446875 0.1669883015625
0 0.7366195265625 0.219449775 0.8124199265625001 0.20922722343750003 0.8176270625000001 0.17713458437500001 0.7290183703124999 0.19159571250000001 0.7366195265625 0.219449775
0 0.7476640359375 0.2920416375 0.81721056875 0.27387317968749997 0.8121563 0.240653175 0.7356440375 0.2572498109375 0.7476640359375 0.2920416375
0 0.7602086953125 0.3192290109375 0.8312527875000001 0.31090351875 0.823277240625 0.28058871406249997 0.751146903125 0.2928275484375 0.7602086953125 0.3192290109375