0 0.5961767375 0 0.47389367968749996 0.0677996296875 0.49200197812499996 0.14082032656250001 0.607223384375 0.2920198046875 0.8665382859375 0.09403499843749999 0.8191679859375001 0 0.5961767375 0
0 0.9004018296874999 0.32356753125000004 0.8332732375 0.24974767031249998 0.694336375 0.3521363796875 0.6991111703125 0.40107413750000004 0.792424525 0.50321779375 0.9351769984375 0.42669190781250005 0.9004018296874999 0.32356753125000004
0 0.41357980312500003 0.4710797515625 0.26744639375 0.39210181093749996 0.155155390625 0.4762194703125 0.167550840625 0.54366440625 0.31177644375 0.609710934375 0.4121700875 0.5278181234375 0.41357980312500003 0.4710797515625
0 0.677801609375 0.737263515625 0.7972363140625001 0.6684201812499999 0.8005485531250001 0.6080039859374999 0.7372302859375 0.5434377140625 0.531657634375 0.6250671125 0.5473864578125001 0.6985327796874999 0.592596428125 0.6900783546875 0.677801609375 0.737263515625
0 0.153745675 0.53295784375 0.0571570734375 0.6074950109375 0.246147403125 0.7615096546875 0.3284591703125 0.6896423078125 0.153745675 0.53295784375
0 0.6005513515625001 0.263369103125 0.48676608281249995 0.138477415625 0.3278448234375 0.254569409375 0.33025071875 0.3371706015625 0.4830561609375 0.4447992453125 0.6005777734375 0.346415265625 0.6005513515625001 0.263369103125
0 0.6658989656250001 0.7228791328125 0.59688370625 0.7025647953124999 0.43223374843749995 0.763253325 0.447485621875 0.8334861421875001 0.5245932015625 0.8589312765624999 0.661161159375 0.7902060046875 0.6658989656250001 0.7228791328125
0 0.9821590546875001 0.60151746875 0.9833112515625 0.5619190484375001 0.9794700593749999 0.528036403125 0.8133839625 0.5624171437500001 0.82721555 0.6561698671875 0.9821590546875001 0.60151746875
0 0.892977759375 0.92292380625 0.8993547453125 0.9217312874999999 0.91531943125 0.8390167734375 0.8206069296875 0.8268299546875 0.69449490625 0.8504133578124999 0.7230802796875 0.9447291140624999 0.8130127 0.8913689421875001 0.892977759375 0.92292380625
0 0.5227118171875 0.9290460296875 0.5352515796875 0.9898198875 0.6897708406249999 0.9609242312499999 0.6821311640625 0.88262381875 0.5227118171875 0.9290460296875
0 0.6131053343749999 0.8290910125 0.5022240484375 0.8564703 0.513193928125 0.9308259078125 0.620264890625 0.894193034375 0.6131053343749999 0.8290910125
0 0.1565651078125 0.4194810984375 0.0970677375 0.3973868796875 0.0033355578125 0.47471192812499996 0.007156453124999999 0.51718398125 0.06903858125 0.5554424625000001 0.1427916484375 0.5084299328124999 0.1565651078125 0.4194810984375
0 0.32606913125000003 0.6568688125000001 0.37557166249999996 0.6775100593750001 0.48311428906250004 0.627500803125 0.510724621875 0.648913925 0.5697291890625 0.6179475937500001 0.5440055234375001 0.543028953125 0.4621337171875 0.501864525 0.3060583109375 0.5875259359375 0.32606913125000003 0.6568688125000001
0 0.9577034203125001 0.24791131875 0.9545070765625001 0.226245996875 0.900327846875 0.091038275 0.6286333515625 0.2714058453125 0.6886288109375001 0.363169846875 0.8480217359375001 0.23370147187499998 0.8918219890625 0.28198541875 0.9577034203125001 0.24791131875
0 0.849123603125 0.7052256875 0.7891492796875 0.67989861875 0.6658989656250001 0.7228791328125 0.6802075046875 0.8198647109375001 0.7791808625 0.76149180625 0.8472475046874999 0.7919496734375 0.849123603125 0.7052256875
0 0.0914658625 0.7406049968749999 0.009936009375 0.7183318140625 0.01992393125 0.7860315484375 0.08006130624999999 0.795890396875 0.0914658625 0.7406049968749999
0 0.15332156875 0.6958173171875 0.07097809375 0.66802926875 0.0600557734375 0.743156753125 0.1595272203125 0.75445363125 0.15332156875 0.6958173171875
0 0.048131990624999996 0.6623354390625 0.0002567046875 0.6527239234375 0.009966224999999999 0.718536609375 0.052912071875 0.7278824296875 0.048131990624999996 0.6623354390625
0 0.11580623281249999 0.9553081765625 0.1205440390625 0.8879813046875 0.042487840625 0.8726796968749999 0.039838053125 0.9210126546874999 0.041729959375 0.9338362984374999 0.11580623281249999 0.9553081765625
0 0.2652148875 0.8576052921875 0.1900151140625 0.8450915671875 0.1952774296875 0.9304806421875 0.260000128125 0.9216993078125 0.2652148875 0.8576052921875
0 0.526909259375 0.659175515625 0.4678888375 0.6403141515625 0.37081271718750003 0.6783999984375 0.3917774375 0.75420858125 0.43080817812500005 0.7701640000000001 0.510745759375 0.71535085625 0.526909259375 0.659175515625
0 0.2892646125 0.158800678125 0.1570050671875 0.306449321875 0.1717747046875 0.3568400546875 0.313557421875 0.2240207640625 0.2892646125 0.158800678125
0 0.9824535031250001 0.5913979203124999 0.8381537218749999 0.63087008125 0.8519853109375 0.724622803125 0.97959271875 0.689716721875 0.9824535031250001 0.5913979203124999
0 0.1771532796875 0.8076322453125 0.0752970765625 0.780171103125 0.0667542296875 0.85485361875 0.165754009375 0.8795268765625 0.1771532796875 0.8076322453125
0 0.319862690625 0.9959394859374999 0.34046613125 0.99569974375 0.3493098921875 0.99255825625 0.3459761953125 0.957106475 0.32456797187499997 0.966263490625 0.319862690625 0.9959394859374999
0 0.28094194375 0.76054736875 0.2034234875 0.7750435999999999 0.20934277343750002 0.8151654609375001 0.27468139687500004 0.8081005031249999 0.28094194375 0.76054736875