0 0.7053018328125 0.8363247156250001 0.7347714734374999 0.7827000390625 0.5867485546875 0.7837382374999999 0.5072356421875 0.8424985843749999 0.565783840625 0.8967840234375 0.7053018328125 0.8363247156250001
0 0.5796478609375 0.7769059656249999 0.699138015625 0.7402155734375 0.703976025 0.714128084375 0.55766999375 0.6758281171875 0.472929065625 0.7357066015625 0.5237523484375 0.780509640625 0.5796478609375 0.7769059656249999
0 0.5577999953125 0.6841512390625 0.6741948109375 0.6731756203125 0.7109993625000001 0.6040639984375 0.5300998890625 0.589864509375 0.48060241093749995 0.6672581015625 0.5020344859375 0.696078028125 0.5577999953125 0.6841512390625
0 0.537200578125 0.5966967765625 0.6629329796875 0.5865077375000001 0.7006217578125 0.53669248125 0.5154827140625 0.5122651640625 0.44268048593750003 0.5528884265625 0.5002402390625 0.6185198296875 0.537200578125 0.5966967765625
0 0.5375132265625 0.50476976875 0.641839340625 0.50472625625 0.6766669984375 0.458306559375 0.5362132078124999 0.42153859374999997 0.4381551265625 0.4870489125 0.4771439234375 0.52046483125 0.5375132265625 0.50476976875
0 0.5165495875 0.431311409375 0.637548196875 0.41656752499999994 0.6510737843750001 0.3496510203125 0.492594828125 0.35292549375000004 0.4225495078125 0.42079553281250004 0.4631509734375 0.44551561875 0.5165495875 0.431311409375
0 0.48174878750000005 0.330192409375 0.6055043 0.34269530000000004 0.63037015 0.2928388921875 0.4665073890625 0.24994293125000003 0.3957336265625 0.3458051734375 0.436465096875 0.37884838125 0.48174878750000005 0.330192409375
0 0.45529713281250006 0.24120595156250002 0.5753330812499999 0.2767734859375 0.6097707328124999 0.20538443593750003 0.4482748703125 0.16476589531250002 0.38821714375 0.27503809375 0.41474723437499994 0.29441676875 0.45529713281250006 0.24120595156250002
0 0.44765064375 0.16211575625000002 0.5716661640625 0.1912648859375 0.570626146875 0.1246799390625 0.41958631718749995 0.08182513125 0.3610112578125 0.175078384375 0.4077249734375 0.21797670624999999 0.44765064375 0.16211575625000002
0 0.5127236625 0.858026684375 0.5027102796875 0.776659065625 0.4546439015625 0.7591028093750001 0.4073833171875 0.8304507062500001 0.47862444687499994 0.87645418125 0.5127236625 0.858026684375
0 0.4789897390625 0.6759539296875 0.4453331734375 0.6107775390625 0.3920903515625 0.6722703250000001 0.42585112968749994 0.7068043796875 0.4789897390625 0.6759539296875
0 0.48156506875 0.6169466828125 0.41677462343749994 0.5361598890625 0.3847038703125 0.609826365625 0.40850284062500003 0.6409237140624999 0.48156506875 0.6169466828125
0 0.45071805 0.470443825 0.40647545 0.399180584375 0.3655613296875 0.4663875 0.39682521406250004 0.490321021875 0.45071805 0.470443825
0 0.364417096875 0.4304448984375 0.3164549359375 0.3822463015625 0.28961219531250004 0.454794640625 0.3208760796875 0.47872815625 0.364417096875 0.4304448984375
0 0.351178378125 0.3664689421875 0.3049588859375 0.317897634375 0.26217209218750004 0.3771541421875 0.29705132343749996 0.4086653546875 0.351178378125 0.3664689421875
0 0.375469425 0.7649016046875 0.3364806265625 0.7314856843750001 0.30490409218750003 0.7994791703125 0.335543753125 0.8207625546875 0.375469425 0.7649016046875
0 0.390530321875 0.5723929078125 0.35302419375 0.5219580390624999 0.3119800734375 0.580841840625 0.3438681796875 0.60742549375 0.390530321875 0.5723929078125
0 0.269740146875 0.525852125 0.2361093671875 0.499641184375 0.2103850765625 0.5691666734374999 0.239152059375 0.5824996546875 0.269740146875 0.525852125
0 0.3425155125 0.6327675562499999 0.3172338765625 0.6186891578125 0.2872700125 0.67798681875 0.314788546875 0.6860195203125 0.3425155125 0.6327675562499999
0 0.3850702328125 0.22282196562499998 0.34506720468749996 0.1617865625 0.302930425 0.26265865625 0.3376796484375 0.285846746875 0.3850702328125 0.22282196562499998
0 0.272602340625 0.3359524203125 0.2277613 0.30100449687499997 0.196678990625 0.363325009375 0.232546665625 0.38349025000000003 0.272602340625 0.3359524203125
0 0.231454003125 0.4254785484375 0.19246520312499998 0.39206262812500003 0.1780553875 0.4396827640625 0.172463153125 0.45479699843750004 0.20596393281249997 0.47268482343749996 0.231454003125 0.4254785484375
0 0.364860825 0.160336859375 0.3303458140625 0.1148295515625 0.2885732546875 0.20170554843750002 0.312736446875 0.2188067953125 0.364860825 0.160336859375
0 0.2873484421875 0.608379028125 0.2553303328125 0.5734722609375 0.231842934375 0.6369520546875 0.26060992031249997 0.650285028125 0.2873484421875 0.608379028125
0 0.4097534359375 0.2732156859375 0.37424998125000003 0.239054340625 0.33073474687500004 0.3263030515625 0.3642355265625 0.3441908703125 0.4097534359375 0.2732156859375
0 0.378280046875 0.4970709875 0.3473803828125 0.45914136875 0.31205850156250003 0.5112340515625 0.3211618703125 0.5343398406250001 0.378280046875 0.4970709875
0 0.25793252187500004 0.3669263140625 0.2301766625 0.4183286984375 0.2510134046875 0.446348071875 0.2872195125 0.4135517609375 0.25793252187500004 0.3669263140625
0 0.25176655625 0.643825475 0.21675732343749998 0.6039911421874999 0.1948825984375 0.658775109375 0.21954001406249998 0.670203375 0.25176655625 0.643825475
0 0.1778727421875 0.5399328875 0.154203771875 0.51715865625 0.1406781875 0.5840751609375 0.1677025015625 0.5977808515625 0.1778727421875 0.5399328875
0 0.32797784375 0.2990562734375 0.2849836953125 0.2330933125 0.252782934375 0.29843666562500004 0.283552596875 0.3280431640625 0.32797784375 0.2990562734375
0 0.3196781296875 0.7378629375 0.282171996875 0.687428071875 0.24796856093750003 0.7364979015625 0.2804808953125 0.7657316859375001 0.3196781296875 0.7378629375
0 0.4247326828125 0.709827225 0.373779396875 0.6567010703125 0.3419428625 0.7080483281250001 0.3829343375 0.757737771875 0.4247326828125 0.709827225
0 0.25054389375 0.677490653125 0.21977423125 0.6478841546874999 0.20089062968750002 0.707595678125 0.23090606406249997 0.726228925 0.25054389375 0.677490653125
0 0.15191530625 0.44527344687500003 0.1287405609375 0.41682623281250003 0.1057473859375 0.47463304375000004 0.1350085953125 0.48229303906250004 0.15191530625 0.44527344687500003
0 0.32866966249999996 0.827876321875 0.2988315765625 0.8060813515625 0.23669759375 0.8569389359375 0.3159734015625 0.8963370203125001 0.32866966249999996 0.827876321875
0 0.3162683359375 0.4633121375 0.2788592640625 0.4273172109375 0.2490458453125 0.4929921515625 0.271977540625 0.49956481249999996 0.3162683359375 0.4633121375