0 0.3946914328125 0.9682129421875001 0.48430790156250003 0.9877722999999999 0.50144478125 0.98887048125 0.7770775203125 0.9824550578125001 0.781148778125 0.9647172718749999 0.655496528125 0.9409645687499999 0.40693829062500003 0.887354934375 0.3946914328125 0.9682129421875001
0 0.6688048140625 0.8067927453125 0.4309124015625 0.80724844375 0.42630310156249995 0.879175565625 0.6698290328125001 0.9010616296875 0.7790631328125001 0.9237622109375 0.7938558453125 0.8399272453125001 0.6688048140625 0.8067927453125
0 0.6721300859375 0.681401503125 0.43323565 0.6974935359375001 0.42588009375 0.7755248828125 0.6778452046875 0.7759709984375001 0.77709629375 0.8074521625 0.7821064015625 0.7292705125000001 0.6721300859375 0.681401503125
0 0.7823440109375001 0.5785605375 0.65603115 0.6018671234374999 0.4370433328125 0.6380754843750001 0.44281785156250003 0.6949674828125 0.6889490375 0.676199090625 0.780080159375 0.6506379546875001 0.7823440109375001 0.5785605375
0 0.7914438015624999 0.5100612953125 0.654665525 0.4761752796875 0.43207042968750003 0.56867441875 0.4403908046875 0.6225894578125 0.6560905515625 0.564189634375 0.7727618109375001 0.5810865921875 0.7914438015624999 0.5100612953125
0 0.7820398109375 0.399554865625 0.6514962609375 0.378628821875 0.4329908515625 0.48081036718750003 0.45263766250000004 0.5417314515625 0.667194390625 0.46441772812500004 0.78386564375 0.481314690625 0.7820398109375 0.399554865625
0 0.770431365625 0.32344836093749996 0.65596455625 0.2721514765625 0.43705834218749995 0.380587559375 0.4584493890625 0.451040740625 0.638425584375 0.362090671875 0.7572418859375001 0.3822651984375 0.770431365625 0.32344836093749996
0 0.770550171875 0.24809337187499997 0.6432130859375 0.1771310796875 0.42759494374999996 0.307758625 0.4470413515625 0.37180697500000004 0.6514740609375 0.268723609375 0.7554160515625 0.30050538125 0.770550171875 0.24809337187499997
0 0.7646346515625 0.15665115000000002 0.6404446312500001 0.0733300921875 0.42791415 0.22927636875 0.4401238078125 0.29600107656249997 0.65768659375 0.1717783640625 0.75908273125 0.20653709843749998 0.7646346515625 0.15665115000000002
0 0.641084396875 0 0.438216371875 0.14201353125 0.45297187968749997 0.2057612765625 0.66764740625 0.0530925640625 0.7602035546875 0.11554578125 0.7620666 0.0497228984375 0.6857156984375 0 0.641084396875 0
0 0.8902124875 0.4755692734375 0.795251484375 0.4506432421875 0.79338844375 0.516466134375 0.8817139062500001 0.5346867171875 0.8902124875 0.4755692734375
0 0.8625867078124999 0.39215611250000004 0.7981165453125 0.36918402499999997 0.786871709375 0.4344057015625 0.8587790249999999 0.451574165625 0.8625867078124999 0.39215611250000004
0 0.8008478015625 0.6205677265625 0.7872575125 0.68563909375 0.8769263984375 0.7196463125 0.8862265984375 0.6480198046875 0.8008478015625 0.6205677265625
0 0.7904939953125 0.120626990625 0.772814021875 0.1760159546875 0.8499540453125001 0.22178072499999998 0.8580518156249999 0.16891780781250001 0.7904939953125 0.120626990625
0 0.1687638765625 0.8187101859375 0.0696537875 0.8217792453125 0.06644731875 0.8718155015625 0.1719925453125 0.878579146875 0.2630642609375 0.8906955015625 0.263524475 0.8467634734375 0.1687638765625 0.8187101859375
0 0.2723422640625 0.709163775 0.17657964375 0.6967468125 0.098378196875 0.7042958703125 0.10609735625000001 0.76759270625 0.180209121875 0.7503612421875 0.265988728125 0.7715587890625 0.2723422640625 0.709163775
0 0.24712852187499998 0.95561656875 0.2440465359375 0.9723756515625 0.33361801406249997 0.9781156531249999 0.3341105578125 0.958050521875 0.24712852187499998 0.95561656875
0 0.3414661125 0.880019178125 0.2493923765625 0.883539153125 0.24149500625 0.933274796875 0.330421678125 0.9421135859374999 0.3414661125 0.880019178125
0 0.3678450734375 0.7623854999999999 0.27657295 0.75339640625 0.268274771875 0.8093865921875001 0.3663828375 0.8219538546875 0.3678450734375 0.7623854999999999
0 0.867507396875 0.8666278078125 0.8675889984375 0.9388555359374999 0.9402979281249999 0.943514934375 0.9445064171875 0.8778423484375001 0.867507396875 0.8666278078125
0 0.8880524328125 0.7297796296875 0.7995265687499999 0.71468630625 0.7961196953125 0.7678498281249999 0.8810976875 0.8015564390625001 0.8880524328125 0.7297796296875
0 0.8718275015625 0.358207096875 0.859439640625 0.4045148703125 0.9252532265625 0.44327359218750007 0.9425323890625 0.394139153125 0.8718275015625 0.358207096875
0 0.8970928265625 0.6989578796875 0.886649603125 0.7516704859375001 0.9532648046875 0.7779201453125 0.96430924375 0.7158257359375 0.8970928265625 0.6989578796875
0 1 0.5020050484375 0.937663284375 0.506871034375 0.9370026687499999 0.553930325 1 0.5519795375000001 1 0.5020050484375
0 0.27586794062500003 0.58064526875 0.1810479390625 0.5902694687500001 0.12060806875 0.6146572828125 0.12229290156249999 0.6618668765625 0.1846774171875 0.6438838984374999 0.2697148078125 0.6399130171875 0.27586794062500003 0.58064526875
0 0.4036208375 0.3878651078125 0.3279058390625 0.4301146953125 0.3385716640625 0.4841800390625 0.4168325125 0.43895348749999996 0.4036208375 0.3878651078125
0 0.5100277953125001 0 0.42895337656250004 0.0660573296875 0.4560373453125 0.12117479375 0.593051353125 0 0.5100277953125001 0
0 0.8728739203125 0.5623812015625 0.7990219609375 0.5388079015625 0.78348703125 0.5974744359375 0.8643753359374999 0.621498646875 0.8728739203125 0.5623812015625
0 0.8494150375 0.253163275 0.7727888921875 0.22296882031249998 0.7653994515625 0.2748693484375 0.8426019015625 0.29607072031250004 0.8494150375 0.253163275
0 0.9216826812500001 0.2668244109375 0.8633998640625 0.22516342968749997 0.8541193249999999 0.2643007546875 0.905772590625 0.3037308890625 0.9216826812500001 0.2668244109375
0 0.77928178125 0.3118790125 0.7785218890625 0.3660103796875 0.8519421406250001 0.36168535 0.8521726609375 0.358088121875 0.8547083953125 0.31851856875 0.77928178125 0.3118790125
0 0.9398343468749999 0.815231421875 0.8934375078125001 0.7973426640625 0.8776912812500001 0.8466734625000001 0.9369785859374999 0.8597949625 0.9398343468749999 0.815231421875
0 0.9484589921875 0.571542559375 0.8956940484375 0.5439235171875 0.8832090046875001 0.58600554375 0.9382832078125001 0.621230328125 0.9484589921875 0.571542559375
0 0.3613280921875 0.6998526046875 0.2941258140625 0.7011394046875 0.286854240625 0.7491488453125 0.3584723296875 0.74441614375 0.3613280921875 0.6998526046875
0 0.37452707812499997 0.64662969375 0.294112634375 0.635883184375 0.287638721875 0.6932659375 0.362161021875 0.6868549046875 0.37452707812499997 0.64662969375
0 0.37821577031250003 0.5890684546875 0.29211189531250004 0.5798217890624999 0.28993480312500003 0.63561545625 0.3638621546875 0.638488496875 0.37821577031250003 0.5890684546875
0 1 0.43299233125000003 0.998006934375 0.43115590781249996 0.9815820359374999 0.469256578125 1 0.4818286265625 1 0.43299233125000003
0 0.9435978484374999 0.9310678390625 0.9847253468750001 0.9264445218749999 0.98791071875 0.876737459375 0.949952771875 0.8755419 0.9435978484374999 0.9310678390625
0 0.923779971875 0.32385506249999996 0.868824759375 0.286773465625 0.8547091218749999 0.3324798765625 0.9143181281249999 0.3624019453125 0.923779971875 0.32385506249999996
0 0.9888757 0.3336199046875 0.9442637109375 0.287878934375 0.9287554640625 0.333496103125 0.9795328453125001 0.37030997499999996 0.9888757 0.3336199046875
0 0.9507814328125 0.644404525 0.8837334140625 0.6214634984375 0.877056790625 0.6601888671875 0.9422362390625001 0.69046790625 0.9507814328125 0.644404525
0 0.9923128609375 0.8036788843749999 0.9427738281250001 0.7911820828125 0.9355859750000001 0.8597057203125 0.9888945640625 0.861384775 0.99234546875 0.807534146875 0.9923128609375 0.8036788843749999
0 0.354510390625 0.828062021875 0.26804954375 0.8243857984374999 0.2630872328125 0.8800009796875001 0.35420186875000004 0.8765176734375 0.354510390625 0.828062021875
0 1 0.6476419140624999 0.9506624421875 0.6462613375 0.945343159375 0.7074469609375 0.9994066796875 0.697345490625 1 0.688086853125 1 0.6476419140624999
0 0.9455768703125 0.48559365468750004 0.8792427937499999 0.45151174374999997 0.8753513921874999 0.49041559843750004 0.9304255937500001 0.525640384375 0.9455768703125 0.48559365468750004