0 1 0.9639691875 0.9341340515625 0.9476270640625 0.9126930625 0.9844092171875 0.9153778656249999 1 1 1 1 0.9639691875
0 1 0.7752690906249999 0.8912897703124999 0.7539705203125 0.89437941875 0.8229188078125 1 0.8563592421875 1 0.7752690906249999
0 0.8980570312499999 0.9338809921875001 0.8952293296875 0.8499111734374999 0.7900558890625 0.8415927625 0.7686149 0.878374915625 0.7744521609375 0.9412218296875 0.8980570312499999 0.9338809921875001
0 0.7824650875 0.97396771875 0.76421551875 0.8845342640625 0.6901477640625 0.8721216125 0.67394005 0.911722546875 0.673710140625 0.9627725500000001 0.7824650875 0.97396771875
0 1 0.6688710984374999 0.902200134375 0.639493846875 0.8892799468750001 0.6609645953125 0.8896219828125 0.73601425625 1 0.75611600625 1 0.6688710984374999
0 0.8990888015625 0.8557806453125 0.8926795953125 0.768934071875 0.7764676500000001 0.730978428125 0.7704485296875 0.7732242296875 0.7685668453125001 0.82433220625 0.8990888015625 0.8557806453125
0 0.7443839062500001 0.563966403125 0.754080640625 0.6326827890625 0.8688867468750001 0.6376606421875 0.8635893937500001 0.5627849046875 0.7443839062500001 0.563966403125
0 1 0.50062586875 0.9959553140624999 0.4570787296875 0.9865582453125 0.4593874546875 0.86486709375 0.45164879999999996 0.8665829374999999 0.5236477749999999 1 0.5336023453125 1 0.50062586875
0 1 0.5608765531250001 0.8748738265625 0.559386371875 0.8823628609374999 0.6221753171875 1 0.6464365125 1 0.5608765531250001
0 0.7407223140625 0.47101845937500003 0.7418822234375 0.5370320109375 0.8663370078125 0.556683540625 0.8544165546875 0.4640254625 0.7407223140625 0.47101845937500003
0 0.9850199265624999 0.3393427875 0.9688325703125 0.33991094374999997 0.858997796875 0.352773409375 0.8540905375 0.40699004531250005 0.97605965625 0.4177214125 0.991944340625 0.4138945328125 0.9850199265624999 0.3393427875
0 0.7260382296875 0.36644752187499996 0.728310003125 0.44443191718749997 0.8497231890625001 0.44917786406250004 0.8441318578124999 0.35329518437499996 0.7260382296875 0.36644752187499996
0 0.7185331781250001 0.2856443453125 0.7213448625 0.351599921875 0.8311796359375 0.3387374546875 0.8297417578124999 0.2697311953125 0.7185331781250001 0.2856443453125
0 0.974792178125 0.2292256421875 0.9701102703125001 0.22877483281250002 0.83993035 0.2723760515625 0.8445118031250001 0.3379874015625 0.97458974375 0.312686675 0.9825182437500001 0.3124083953125 0.974792178125 0.2292256421875
0 0.6632972984375 0.70792836875 0.654562603125 0.7923040109375 0.7583462203125 0.785658871875 0.7621416187500001 0.71947139375 0.6632972984375 0.70792836875
0 0.6449676390625 0.528423725 0.646127553125 0.594437278125 0.740294525 0.6091469359375 0.7385786828125 0.5371479625 0.6449676390625 0.528423725
0 0.648351271875 0.6183789640625 0.645929675 0.681515753125 0.7475376296875 0.7049716390625 0.7543586046875 0.635675503125 0.648351271875 0.6183789640625
0 0.9012990578125001 1 0.901392609375 0.9697935109375001 0.7942894328125 0.9585403687499999 0.7981402296875 1 0.9012990578125001 1
0 0.6242484187499999 0.4480843484375 0.6328493125 0.5228441296875 0.7173515859374999 0.504865875 0.709584590625 0.43908422031249994 0.6242484187499999 0.4480843484375
0 0.620864790625 0.3581291109375 0.6264240859375 0.4179833171875 0.715063796875 0.4088672421875 0.7062009578125 0.349128984375 0.620864790625 0.3581291109375
0 0.7002836125 0.19621088281250001 0.7030952921875 0.262166459375 0.8231346734375 0.26996309687500003 0.8178213062499999 0.177073125 0.7002836125 0.19621088281250001
0 0.6037110578125 0.262652259375 0.5999156609375 0.32883973593750004 0.708114675 0.3340494828125 0.7063988375 0.26205050937499996 0.6037110578125 0.262652259375
0 0.9655640999999999 0.1298714828125 0.9292758140625 0.1281242125 0.8324253015625 0.191572875 0.8423839796875001 0.2452677328125 0.9488991921875 0.214506984375 0.973208275 0.212172553125 0.9655640999999999 0.1298714828125
0 0.9644822968750001 0.11822425 0.9582108421875001 0.050702578124999995 0.9554737281250001 0.050074256250000004 0.9030105781250001 0.0473247796875 0.809204396875 0.08429910625 0.8169874125 0.168094990625 0.9394483875 0.11275483593749999 0.9644822968750001 0.11822425
0 0.652598878125 1 0.6751159796875 0.9957503390625 0.67066854375 0.947866975 0.58531635625 0.9388528640624999 0.5937086703125 1 0.652598878125 1
0 0.659630040625 0.9182297437500001 0.6612177390625 0.8461148218749999 0.5912874234375 0.842564353125 0.5742458187499999 0.8731871609375 0.5797890953125 0.915027128125 0.659630040625 0.9182297437500001
0 0.5736418343749999 0.8131590296875 0.5764214828124999 0.8430861296875 0.57339590625 0.84619479375 0.6598279140625001 0.8311512703125 0.6650131406249999 0.7799273421875 0.5815746734375 0.75583373125 0.5736418343749999 0.8131590296875
0 0.5555581078125 0.600618621875 0.554526334375 0.6787189609375 0.643999940625 0.6785810203125 0.645587640625 0.6064660953125001 0.5555581078125 0.600618621875
0 1 0.8709097625 0.9059898703125 0.8765556921875 0.9134789 0.939344634375 1 0.9596017703124999 1 0.8709097625
0 0.6894750171874999 0.1155236546875 0.6947563484375 0.172385146875 0.804051209375 0.17155150624999999 0.8001276671875001 0.09362508593749999 0.6894750171874999 0.1155236546875
0 0.580442103125 0.10133577499999999 0.5882251187499999 0.18513166406249998 0.6818041265625 0.1578274234375 0.678158546875 0.08289371718750001 0.5843015765625 0.10720524375 0.580442103125 0.10133577499999999
0 0.5956821140625 0.21189212968749999 0.5990337109375 0.26581889062499997 0.690421034375 0.25060144375000004 0.6826380203125 0.166805559375 0.5956821140625 0.21189212968749999
0 0.5422798656250001 0.5290254734375 0.622676740625 0.5382135046875 0.618197265625 0.454301671875 0.5369825140625 0.45414973593749997 0.54337570625 0.522982078125 0.5422798656250001 0.5290254734375
0 0.5092981562500001 0.280978365625 0.517065153125 0.3467600171875 0.60048760625 0.35283939062499997 0.596842028125 0.27790568437499996 0.5092981562500001 0.280978365625
0 0.5198448015625 0.37668711718750003 0.52403029375 0.4395920125 0.5989159234375 0.44296855312499994 0.6021553953125001 0.37079565625 0.5198448015625 0.37668711718750003
0 0.5832829578125 1 0.5853483921875 0.9748813343749999 0.505769396875 0.9566571937499999 0.5085962515625 1 0.5832829578125 1
0 0.4968905375 0.8789046984375 0.4974945234375 0.9389328296875 0.5707604171875 0.978395825 0.5759296234375 0.9091576578125 0.4968905375 0.8789046984375
0 0.4863118578125 0.7471674671875 0.4852640703125 0.8072535750000001 0.55328066875 0.82588355 0.555424296875 0.7597540453125 0.4863118578125 0.7471674671875
0 0.509512053125 0.2119141234375 0.5073524046875 0.26002939375 0.5803083 0.26047119687500003 0.5730972328124999 0.20067496562499998 0.509512053125 0.2119141234375
0 0.48073654374999997 0.6692990296875 0.4846440703125 0.7292112125 0.5523827031249999 0.7448484625 0.555360228125 0.6876970984375 0.48073654374999997 0.6692990296875
0 0.47241361875 0.59753195625 0.468880165625 0.648697903125 0.5410342015625 0.6761900546875 0.5448296 0.6100025765625 0.47241361875 0.59753195625
0 0.4651865328125 0.5197214859375 0.4638607796875 0.576814878125 0.5307815390624999 0.6014882484374999 0.5329251671875 0.535358746875 0.4651865328125 0.5197214859375
0 0.4667582171875 0.4295923234375 0.45167838437499996 0.499178340625 0.5293276437500001 0.5144677421875 0.53091534375 0.44235281875 0.4667582171875 0.4295923234375
0 0.5000091671875 1 0.4994242578125 0.9418675671875001 0.4289380109375 0.9323316796875 0.42898606250000004 0.9863743906250001 0.42128314062500005 0.9926496874999999 0.48388320625 1 0.5000091671875 1
0 0.410576315625 0.716798559375 0.40125365312500005 0.759160309375 0.473129725 0.783659746875 0.4672924625 0.7208128265625 0.410576315625 0.716798559375
0 0.3621830953125 0.7845513656249999 0.347071225 0.8181089046875 0.4098705625 0.851934328125 0.41037844375 0.803877040625 0.3621830953125 0.7845513656249999
0 0.3880771828125 0.49240325937499996 0.39005497031249997 0.5493807078125 0.4547680328125 0.568126625 0.45471997656249996 0.514083915625 0.3880771828125 0.49240325937499996
0 0.3900870109375 0.5854091796875001 0.3948124125 0.6362852578125 0.46034334218749995 0.6459950703125 0.45973936249999997 0.5859669390625 0.3900870109375 0.5854091796875001
0 0.3989658640625 0.663161675 0.40424719531250003 0.7200231734375 0.467570428125 0.723805540625 0.4716437953125 0.6606107703124999 0.3989658640625 0.663161675
0 0.37612469531250003 0.36371671875 0.3728531921875 0.3998611390625 0.4417196984375 0.44548347499999996 0.4441412984375 0.38234668437499997 0.37612469531250003 0.36371671875
0 0.33366484375 0.602401865625 0.33618254375 0.6473504890624999 0.392080815625 0.6604008671875 0.39340656875 0.60330746875 0.33366484375 0.602401865625
0 0.36368504375 0.92561458125 0.36978425000000004 0.9734399687499999 0.42182304843749996 0.9806208703125 0.420401190625 0.9296288484374999 0.36368504375 0.92561458125
0 0.42844514375 1 0.42816818906250004 0.9954105 0.371174075 0.98840351875 0.372572540625 1 0.42844514375 1
0 0.2311532609375 0.801160215625 0.2333929984375 0.8431161390625 0.287917465625 0.8592171937499999 0.2936586171875 0.8139786875 0.2311532609375 0.801160215625
0 0.224728034375 0.696299403125 0.2294534359375 0.7471754796875001 0.28121427187500003 0.7513636734375 0.2745431171875 0.679538625 0.224728034375 0.696299403125
0 0.2360718515625 0.1404449375 0.236103884375 0.17647341562500002 0.3385136953125 0.1728789578125 0.33544006406250004 0.12194490625000001 0.2360718515625 0.1404449375
0 0.49247044375 0.2425369296875 0.4330066859375 0.2446240328125 0.433872615625 0.289630640625 0.4936143390625 0.29053624375 0.49247044375 0.2425369296875
0 0.43856598125 0.304478240625 0.44715085625000006 0.36122378906249997 0.50468488125 0.356201946875 0.501333284375 0.3022751875 0.43856598125 0.304478240625
0 0.3250639515625 0.5276420765625 0.324556075 0.5756993734375 0.3768728390625 0.5858729796875 0.38343187031250003 0.53159836875 0.3250639515625 0.5276420765625
0 0.2972881796875 0.8708981609374999 0.2959624265625 0.9279915609374999 0.3546083109375 0.934940559375 0.3592536234375 0.89574545 0.2972881796875 0.8708981609374999
0 0.3105777453125 0.3359926671875 0.299063403125 0.3904412015625 0.36897769999999996 0.3759774375 0.3681117703125 0.33097082968749997 0.3105777453125 0.3359926671875
0 0.1963435890625 0.3550144734375 0.1983053625 0.3939776828125 0.242625215625 0.389419646875 0.23735990468749998 0.3505723890625 0.1963435890625 0.3550144734375
0 0.2111878484375 0.6397277859375 0.2681659453125 0.6287205218749999 0.26344054375 0.5778444515625 0.215817146875 0.5825184359375 0.2188907734375 0.6334524906250001 0.2111878484375 0.6397277859375
0 0.3141947953125 0.464133065625 0.3208766328125 0.519540759375 0.38184829374999996 0.5229649484375 0.37643943750000003 0.4647304640625 0.3141947953125 0.464133065625
0 0.2643678234375 0.5145688703125 0.2699054625 0.574189890625 0.3270507609375 0.577748384375 0.32367273750000003 0.5083141734375001 0.2643678234375 0.5145688703125
0 0.28281337500000003 0.746227715625 0.290518046875 0.8043816218750001 0.34026076562499996 0.8026357140625 0.33587474375 0.7471474406249999 0.28281337500000003 0.746227715625
0 0.19782142187500001 0.4097932953125 0.2007982546875 0.458375753125 0.2548824625 0.46204168437500004 0.2522845546875 0.409272759375 0.19782142187500001 0.4097932953125
0 0.186874928125 0.2919377890625 0.18895770625 0.33916056875 0.2384577015625 0.351333734375 0.23776183906249998 0.2859785515625 0.186874928125 0.2919377890625
0 0.3756966328125 0.1478657921875 0.366460390625 0.20271591875 0.48979904375 0.21915868125000001 0.49260047812499996 0.156744978125 0.3756966328125 0.1478657921875
0 0.49615074375 0.13325210781250002 0.5071527484375 0.189988378125 0.5773718125 0.174541403125 0.5723238640625 0.120192628125 0.49615074375 0.13325210781250002
0 0.190222190625 0.8154260499999999 0.1890309421875 0.8625381421875 0.23129758906250003 0.89803843125 0.23679274062500003 0.8373266203125 0.190222190625 0.8154260499999999
0 0.09068801875 0.86262769375 0.0950457296875 0.9095450250000001 0.13172754375 0.9048953781250001 0.13291879374999999 0.8577832843750001 0.09068801875 0.86262769375
0 0.3101958125 1 0.310611128125 0.9927573578125 0.2566419625 0.97111646875 0.254027653125 1 0.3101958125 1
0 0.175299403125 0.6747389687500001 0.179034584375 0.714953825 0.21849984843749998 0.72029296875 0.2166143203125 0.680013190625 0.175299403125 0.6747389687500001
0 0.1275555390625 0.7201228375000001 0.130063596875 0.767105090625 0.1735394328125 0.7756656343749999 0.17874125624999998 0.7317749375 0.1275555390625 0.7201228375000001
0 0.12376655 0.61939093125 0.1238024203125 0.65973563125 0.16357895 0.6684260109375 0.16292054375 0.6213788375 0.12376655 0.61939093125
0 0.162501659375 0.49699350468750003 0.1631600640625 0.544040678125 0.20293659218750001 0.5527310625 0.20412784374999998 0.5056189625 0.162501659375 0.49699350468750003
0 0.0702943546875 0.4632460703125 0.0656971265625 0.49366689375000006 0.11289020624999999 0.5222699453125 0.1119205375 0.47187152968749996 0.0702943546875 0.4632460703125
0 0.292348853125 0.21673865 0.294234378125 0.257018428125 0.358038471875 0.24469249375 0.3450370859375 0.1846298875 0.292348853125 0.21673865
0 0.766359146875 0.8184047609375 0.6622815484375 0.804042953125 0.665371196875 0.8729912390625 0.7686309171875 0.8963891500000001 0.766359146875 0.8184047609375
0 0.875803828125 0.676449928125 0.769240565625 0.653167965625 0.7602279015625 0.7345508953125 0.8824910015625 0.766289209375 0.875803828125 0.676449928125
0 0.48889363281250003 0.86417305 0.42061508593749997 0.86056460625 0.424800571875 0.923469503125 0.495842753125 0.9389908046875 0.48889363281250003 0.86417305
0 0.486637875 0.8042028921875 0.4205510140625 0.7885076578125 0.4173115421875 0.86068055625 0.4900054921875 0.876143890625 0.486637875 0.8042028921875
0 0.40833657968750003 0.6748426421875 0.3323390890625 0.6594952578125 0.342575734375 0.7161828296875 0.401515603125 0.7441387765624999 0.40833657968750003 0.6748426421875
0 0.334252809375 0.64441575625 0.28165808124999997 0.6312494359375 0.274265153125 0.6765459171875 0.3337449296875 0.6924730453125 0.334252809375 0.64441575625
0 0.3583716765625 0.8327246109375 0.2999877390625 0.810754078125 0.28901330625 0.8531737968750001 0.34741326093749997 0.8931585671875 0.3583716765625 0.8327246109375
0 0.3062744671875 0.45023743281249995 0.257833190625 0.4639475296875 0.2600729296875 0.505903453125 0.31320756875 0.5070409546875 0.3062744671875 0.45023743281249995
0 0.308434115625 0.40212216874999995 0.30876013125 0.4591575921875 0.36766796562500004 0.45108506718749997 0.361012828125 0.39727425781250003 0.30980792031250004 0.3990714859375 0.308434115625 0.40212216874999995
0 0.299833221875 0.3273623875 0.2442289359375 0.3353189609375 0.246762653125 0.398281828125 0.2982295078125 0.3814630734375 0.299833221875 0.3273623875
0 0.287650825 0.24972584375 0.2392255703125 0.28145017656250004 0.24202123437499998 0.32939151718750004 0.29486189218750003 0.309522075 0.287650825 0.24972584375
0 0.2491408875 0.9056152015625001 0.2533263765625 0.9685200984375 0.30868473750000003 0.9935992859375 0.3083587171875 0.9365638625000001 0.24969681718749998 0.9116006234375 0.2491408875 0.9056152015625001
0 0.18326001249999999 0.28514405 0.13803253437500002 0.2796248859375 0.13598785 0.3251788828125 0.1801702375 0.3278920890625 0.18326001249999999 0.28514405
0 0.18473776875 0.3348383765625 0.1371721078125 0.33792919375 0.14138279843749998 0.3832636296875 0.1864711078125 0.3788384484375 0.18473776875 0.3348383765625
0 0.1922228953125 0.39853504375000004 0.148303678125 0.3986552375 0.14807842031250001 0.43846009218750004 0.19291114843749999 0.43972915625000003 0.1922228953125 0.39853504375000004
0 0.1974862609375 0.45520309843750006 0.15656314531249999 0.4537968046875 0.1582964859375 0.49779688125000005 0.198042928125 0.4949805078125 0.1974862609375 0.45520309843750006
0 0.1666322390625 0.19902716250000002 0.1226041828125 0.22331360781249998 0.1298109765625 0.267121575 0.171237684375 0.248611709375 0.1666322390625 0.19902716250000002
0 0.22360371406250001 0.22118997343750002 0.17722230781249998 0.23703109531250002 0.1840419359375 0.28511660625 0.2336826125 0.27058240312500004 0.22360371406250001 0.22118997343750002
0 0.2931796140625 0.20169210781250002 0.23362953593750002 0.21088884062500002 0.24149425 0.261780309375 0.29087934375 0.25294035312499996 0.2931796140625 0.20169210781250002
0 0.3624441703125 0.27174831718750003 0.3041947671875 0.278056753125 0.3026764171875 0.32927755468750003 0.3652301828125 0.32708199531250004 0.3624441703125 0.27174831718750003
0 0.254589321875 0.47878260624999996 0.208053584375 0.467624075 0.2058697328125 0.50323371875 0.25515356875 0.5270876734375001 0.254589321875 0.47878260624999996
0 0.2099564203125 0.5556791078125001 0.1625223421875 0.560186621875 0.162823421875 0.6056582859375 0.2129980203125 0.6053185437499999 0.2099564203125 0.5556791078125001
0 0.1672669546875 0.6197155234375 0.16587260625 0.6638253734374999 0.2191824734375 0.6719035015625 0.21300560468750002 0.6138461953125 0.165176771875 0.6141036093750001 0.1672669546875 0.6197155234375
0 0.17344382187500001 0.677772834375 0.132907878125 0.67208899375 0.12460023125 0.7093348921875 0.1732261515625 0.7261053421875 0.17344382187500001 0.677772834375
0 0.1577143921875 0.5759898921875 0.1243549109375 0.5800034140625 0.128426434375 0.6153935015625 0.16153033125 0.617074234375 0.1577143921875 0.5759898921875
0 0.119129459375 0.5659736203125 0.07742442031249999 0.5645947765625 0.0773383328125 0.6143439859375001 0.12022004374999999 0.6199454890625 0.119129459375 0.5659736203125
0 0.156229053125 0.5177679234375 0.11726453125 0.5205568453125 0.12200155937499998 0.571558090625 0.15953381875 0.5702407546875 0.156229053125 0.5177679234375
0 0.148055675 0.41287713437500007 0.10466278749999999 0.4186641328125 0.11043732343749998 0.4639436859375 0.152273946875 0.4667392265625 0.148055675 0.41287713437500007
0 0.15279270312499998 0.46387838124999997 0.114486103125 0.473750815625 0.116606609375 0.5134733359375 0.15557113125 0.510684415625 0.15279270312499998 0.46387838124999997
0 0.1319845671875 0.36653766249999997 0.100707684375 0.3676354421875 0.1031850328125 0.36896980625000003 0.1009708515625 0.37046884375 0.10739572343749999 0.4143042484375 0.13957853125 0.40606807187499994 0.1319845671875 0.36653766249999997
0 0.0583420453125 0.502726471875 0.018851189062500003 0.49984859843749996 0.0123705546875 0.5398730078125 0.058774710937499995 0.549614840625 0.0583420453125 0.502726471875
0 0.067745175 0.671533484375 0.0649743296875 0.63325510625 0.013886223437500001 0.632205596875 0.014017515625 0.6400638953125 0.017105515625 0.6733108734375 0.067745175 0.671533484375
0 0.025032382812499997 0.7586555515625 0.08216635 0.767677059375 0.079906671875 0.718010178125 0.0698732703125 0.7197836609375 0.0252961265625 0.712820340625 0.0238231734375 0.7456366 0.025032382812499997 0.7586555515625
0 0.08447420312500001 0.7249564656249999 0.0810378515625 0.671066928125 0.0611026296875 0.6760305843750001 0.017757725 0.68033289375 0.020680390625 0.711799784375 0.08447420312500001 0.7249564656249999
0 0.0949331484375 0.32235589062500003 0.09835433593750001 0.35919011875 0.1326273203125 0.35656586562500003 0.1276347109375 0.31125886875000003 0.093237721875 0.320994075 0.0949331484375 0.32235589062500003
0 0.096395740625 0.354994909375 0.05886348125 0.35631224375000004 0.059954065625 0.41028411406250004 0.1013959375 0.40882955625 0.096395740625 0.354994909375
0 0.08717726875000001 0.2472981640625 0.0513328546875 0.2414496578125 0.049829670312500005 0.3097257671875 0.0902264484375 0.30546525 0.08717726875000001 0.2472981640625
0 0.057117193749999996 0.590891290625 0.060338553125000007 0.549559953125 0.01276530625 0.5441231140625 0.0077006875 0.57205370625 0.008605790625 0.5817985109375 0.057117193749999996 0.590891290625
0 0.18465121874999998 0.8237753953125001 0.14046883125 0.8210621859374999 0.1356912078125 0.8709760624999999 0.1823509453125 0.875023640625 0.18465121874999998 0.8237753953125001
0 0.18678689531249998 0.8805532265625 0.14364959375 0.8806459703125 0.140946990625 0.9191164609375001 0.18774589531250002 0.9331083937500001 0.18678689531249998 0.8805532265625
0 0.247457890625 0.9594389765625 0.20195207656249997 0.934031096875 0.19911788749999998 0.9710848828125 0.24801455625000002 0.9992163859375 0.247457890625 0.9594389765625
0 0.242581696875 0.8984933765625 0.19264752031250001 0.8760835671875 0.19295618125 0.9300828796875 0.2413340984375 0.9610752296875 0.242581696875 0.8984933765625
0 0.6362279531249999 0.533610909375 0.5469572546875 0.5353228828125001 0.5471419171874999 0.59643315 0.642156821875 0.6058901234375 0.6362279531249999 0.533610909375
0 0.5699365125 0.8422319390625 0.4978569859375 0.8220478359375001 0.4966558734375 0.8766035984375 0.5731028828125 0.8898202078124999 0.5699365125 0.8422319390625
0 0.2791618703125 0.7506189890625 0.231978365625 0.7574946515625001 0.234894409375 0.8075002687499999 0.281793546875 0.8037663374999999 0.2791618703125 0.7506189890625
0 0.226917465625 0.7712431921875 0.188246215625 0.77051266875 0.1888650671875 0.82059891875 0.230413378125 0.8274919515624999 0.226917465625 0.7712431921875
0 0.17733455625 0.7708956546875 0.1374236328125 0.775428228125 0.139663165625 0.8181501765625001 0.1827410796875 0.8229016937500001 0.17733455625 0.7708956546875
0 0.130515353125 0.7568802109375 0.08878489375000001 0.760432728125 0.0890171671875 0.8063568812499999 0.13218615312499998 0.80588561875 0.130515353125 0.7568802109375
0 0.09639196562499999 0.811317615625 0.094423690625 0.8583629203124999 0.136546296875 0.8652357953125 0.14032296875 0.806643940625 0.0946690703125 0.8113780875 0.09639196562499999 0.811317615625
0 0.3999146546875 0.0843744109375 0.33832618124999997 0.07781373593749999 0.3439787171875 0.13867179999999998 0.405298021875 0.1423344703125 0.3999146546875 0.0843744109375
0 0.4966765984375 0.07225583437500001 0.414310146875 0.083869146875 0.4175711921875 0.1535334953125 0.4970078125 0.1449304734375 0.4966765984375 0.07225583437500001
0 0.5776972109375 0.0461525109375 0.521983909375 0.0510154296875 0.5132409515624999 0.1123787546875 0.57880490625 0.0926328359375 0.5776972109375 0.0461525109375