0 0.5279654171875 0.7364287265625 0.39308945156249997 0.7941115515625 0.511441540625 0.8364333421874999 0.6601059515625 0.8023028421875 0.5279654171875 0.7364287265625
0 0.6732447609375 0.686818096875 0.5572655734375 0.656810765625 0.4343684296875 0.6785626671875 0.43753877656249995 0.7471947234375 0.5570508484375 0.7099627078124999 0.6536174484374999 0.7477582015625 0.6732447609375 0.686818096875
0 0.6874961140625 0.618850321875 0.575532165625 0.5867218624999999 0.44732597656250006 0.6310136281250001 0.44910214843749996 0.6757131140625 0.5663082359375 0.65573416875 0.67789018125 0.667095715625 0.6874961140625 0.618850321875
0 0.5854531828125 0.52967584375 0.70076874375 0.5625006578125 0.6987443953125 0.5561693359375 0.7120504796875 0.51460344375 0.598062184375 0.47614365937500003 0.47858356718749995 0.52815945 0.4669532875 0.5700735234375001 0.5854531828125 0.52967584375
0 0.7236473046875 0.457905596875 0.6203774765625 0.41871739375 0.47946192187500003 0.472190028125 0.47823502500000004 0.5221763078125 0.6047319546875001 0.462752596875 0.7059774296875 0.49560948437499996 0.7236473046875 0.457905596875
0 0.7218376765625 0.398422340625 0.6239438140625 0.36626181406249997 0.495422534375 0.419354203125 0.49353200625 0.47215796093750007 0.6130106234375 0.42014216875 0.712546834375 0.4378671109375 0.7218376765625 0.398422340625
0 0.747055675 0.2913579765625 0.650173990625 0.26236310937499996 0.533731896875 0.3238758765625 0.5291533859374999 0.3731658015625 0.6298495859375 0.311336921875 0.731061609375 0.32941003593749996 0.747055675 0.2913579765625
0 0.7724409515625 0.2582124609375 0.65370686875 0.19512375312500002 0.5209221687500001 0.288705440625 0.5237105125 0.336570584375 0.6578559359375 0.252137703125 0.761125759375 0.29132590937499997 0.7724409515625 0.2582124609375
0 0.8084443296874999 0.1799872109375 0.68259156875 0.07995511718750001 0.576237771875 0.1583407140625 0.575359415625 0.2143101359375 0.6726705515625 0.137001134375 0.7827439671875001 0.22193335468750003 0.8084443296874999 0.1799872109375
0 0.7731526046874999 0.042618762500000004 0.6578892296875 0.01867088125 0.5937738265625 0.0615017546875 0.5905560328125 0.119940478125 0.69924926875 0.0390855734375 0.806353071875 0.14408835625 0.8421082765625 0.1042312671875 0.7731526046874999 0.042618762500000004
0 0.4286439265625 0.6655518515625001 0.34659631874999997 0.6780587312499999 0.3406905453125 0.732983621875 0.425392678125 0.7092068078125 0.4286439265625 0.6655518515625001
0 0.45288320468750004 0.570105590625 0.381587521875 0.596667825 0.37330885625 0.639278253125 0.45734735625 0.6183189171875 0.45288320468750004 0.570105590625
0 0.2913616140625 0.6961364437500001 0.2321116671875 0.716335284375 0.232560575 0.7666697390625 0.28542238593749997 0.7362775609375001 0.2913616140625 0.6961364437500001
0 0.308616034375 0.6228818781250001 0.24335994843750003 0.6536542984375 0.2471270140625 0.6899013328125 0.3123831015625 0.6591289171875 0.308616034375 0.6228818781250001
0 0.47977701093749997 0.46338940468749995 0.3998206640625 0.5117951484375001 0.39723305 0.5526326187499999 0.4808895515625 0.510906371875 0.47977701093749997 0.46338940468749995
0 0.400135753125 0.5029945234375 0.328176440625 0.5323742390625 0.326949540625 0.5823605078125 0.39286925781250004 0.5487706078125 0.400135753125 0.5029945234375
0 0.4936463640625 0.3746547171875 0.42440848593749997 0.4223320390625 0.42182087343749997 0.46316951093750003 0.493398184375 0.41302288281250005 0.4936463640625 0.3746547171875
0 0.41833543593750006 0.403338078125 0.34574594687500004 0.450319040625 0.3438554171875 0.50312280625 0.4147691 0.45579365781250003 0.41833543593750006 0.403338078125
0 0.31948231875 0.5394339796875001 0.2592536484375 0.5712509296875 0.263717803125 0.6194642515625 0.319897771875 0.574984659375 0.31948231875 0.5394339796875001
0 0.5579042671875001 0.19886208125 0.4769022921875 0.22931839531249998 0.49274854687499997 0.2739858140625 0.55496810625 0.23371640781249997 0.5579042671875001 0.19886208125
0 0.3993522921875 0.30482236875 0.31035327968750004 0.354304715625 0.318799221875 0.3856131359375 0.406786059375 0.33296513125 0.3993522921875 0.30482236875
0 0.57806139375 0.07596941406249999 0.50051139375 0.151473390625 0.5042784578124999 0.187720428125 0.585180071875 0.11291280781249999 0.57806139375 0.07596941406249999
0 0.5127383953125 0.0771743 0.5165054609374999 0.1134213328125 0.6114436999999999 0.02379786875 0.6071445546875001 0.0081278328125 0.5871110484375001 0.0039655375 0.5127383953125 0.0771743
0 0.4202734140625 0.2234635328125 0.329283509375 0.2813983265625 0.3317233109375 0.3232803265625 0.4130069234375 0.2692396171875 0.4202734140625 0.2234635328125
0 0.4473297953125 0.076073175 0.36967872812499997 0.151374153125 0.37535190625000003 0.174249125 0.44844395156249994 0.10265012968750001 0.4473297953125 0.076073175
0 0.44466863749999996 0.1421588203125 0.351730665625 0.2158334203125 0.3533755890625 0.2440703875 0.43351525312500006 0.181684321875 0.44466863749999996 0.1421588203125
0 0.5177855640625 0.00392645 0.46573111093749997 0.0566503515625 0.463347775 0.0902493140625 0.5250334921875 0.024029134375 0.5177855640625 0.00392645
0 0.506955290625 0.10860790000000001 0.44404282031250003 0.17612293125 0.4488372421875 0.19881532500000001 0.5086002140625 0.13684486093749998 0.506955290625 0.10860790000000001
0 0.7108835203125 0.9914581359374999 0.7401822734375 0.9836905171874999 0.74247641875 0.9564573187500001 0.6167759 0.9303409468750001 0.5091866609375 0.926460721875 0.5092912203125 0.9726655281250001 0.6072224171875 0.9883940546875 0.7108835203125 0.9914581359374999
0 0.7638143296875 0.9008526171875 0.6273664390625 0.8678849921875 0.5250408546875 0.8766441515625001 0.5227728484374999 0.91542855625 0.6269524750000001 0.91629121875 0.7398315203125 0.9443620218750001 0.7638143296875 0.9008526171875
0 0.77001048125 0.8628843500000001 0.64897668125 0.8169551796875 0.5359298609375001 0.830414290625 0.5409996140625 0.8730323906249999 0.646734815625 0.8672907828125 0.7627511421875 0.8937042609375 0.77001048125 0.8628843500000001
0 0.387665425 0.9898118468750001 0.4151375375 0.995519634375 0.4554127109375 0.9914903781250001 0.47107269843750005 0.9971239671875001 0.4880486515625 0.9970252046875 0.5079295578125 0.949291078125 0.472576290625 0.94194585 0.386754128125 0.9564430296875001 0.387665425 0.9898118468750001
0 0.5138272359375 0.8950967249999999 0.47953715625 0.89489985 0.39265180625 0.9022486687500001 0.3914469875 0.9481814296875 0.47702295625 0.9405605640625 0.5000471390625 0.936107609375 0.5138272359375 0.8950967249999999
0 0.5338557640625 0.8392199765624999 0.4893368359375 0.829970428125 0.40299615 0.8466690296875001 0.40102661250000005 0.9016795203125 0.4844762046875 0.8797619390625 0.5179754296875 0.8774853468750001 0.5338557640625 0.8392199765624999
0 0.3855341015625 0.8799874624999999 0.32041583125 0.9057136796874999 0.324940915625 0.9389820015625 0.3853663296875 0.921517378125 0.3855341015625 0.8799874624999999
0 0.33258808125 0.8482046578125001 0.2682083890625 0.8533019421875 0.2638401453125 0.8893408328125 0.320635884375 0.8872861640625 0.33258808125 0.8482046578125001
0 0.1579590359375 0.7149381046875 0.046960178125 0.7080403265624999 0.0326354109375 0.7397014265624999 0.1271569921875 0.7524123953124999 0.1579590359375 0.7149381046875
0 0 0.765512465625 0.0057353703125 0.76644065625 0.022134228125 0.7259738640625 0 0.7244416296875 0 0.765512465625
0 0 0.6788856812499999 0.0442891359375 0.6843938328125 0.05520428125 0.64971516875 0 0.6405418953125 0 0.6788856812499999
0 0 0.6300513703124999 0.0481127171875 0.6390051625 0.064537715625 0.6100895703125 0 0.5980455453125 0 0.6300513703124999
0 0 0.590247990625 0.0584832 0.5949767234375 0.06939834843750001 0.5602980609375 0 0.5458794 0 0.590247990625
0 0 0.5086736562499999 0.061735978125 0.5286870734375 0.0922656890625 0.4865378890625 0 0.45840282343750005 0 0.5086736562499999
0 0.1557019609375 0.642885384375 0.068984384375 0.608704284375 0.0520931359375 0.6629237031249999 0.145331478125 0.686913825 0.1557019609375 0.642885384375
0 0.18721644375 0.573230953125 0.0889867734375 0.541276340625 0.0728602453125 0.5864180218749999 0.16506153437499999 0.614810984375 0.18721644375 0.573230953125
0 0.1988178859375 0.49482095781249996 0.10585187656249999 0.475505725 0.097283159375 0.5060535859375 0.18503778437500001 0.535831840625 0.1988178859375 0.49482095781249996
0 0.21249342499999999 0.40760526874999997 0.12266470468749999 0.38663270625 0.11439445625 0.43340665781250004 0.197403946875 0.44834410625 0.21249342499999999 0.40760526874999997
0 0 0.4191447703125 0.0934966515625 0.45215633437499997 0.1109325578125 0.4072866984375 0.008536721875 0.3669896015625 0 0.4032327140625 0 0.4191447703125
0 0.08715459375 0.3099802625 0.08041377968749999 0.3385987546875 0.208759196875 0.37681041406250004 0.209277721875 0.3746089921875 0.21470915468750001 0.3457184625 0.08715459375 0.3099802625
0 0.2373303046875 0.2788346078125 0.1134054140625 0.22768645156249998 0.0993529828125 0.264022446875 0.2240687296875 0.3176440625 0.2373303046875 0.2788346078125
0 0.267289215625 0.21578444062500002 0.1315799015625 0.16218788125 0.12039241875 0.1921916578125 0.2527182578125 0.25432185625 0.267289215625 0.21578444062500002
0 0.15027290937499999 0.094487890625 0.13542961874999998 0.12835041875 0.26404737031250003 0.1712369671875 0.259328371875 0.1679473625 0.27026965937499997 0.14481990312499998 0.15027290937499999 0.094487890625
0 0.669523734375 0.7588770109375 0.6518939125000001 0.8337253625000001 0.7181276484375 0.8382498999999999 0.761478834375 0.794146290625 0.669523734375 0.7588770109375
0 0.7767622265624999 0.723428740625 0.6759399375 0.7024812328125 0.661913646875 0.7503684265625 0.753051746875 0.7716130359375 0.7767622265624999 0.723428740625
0 0.7878974265625 0.6703225609375 0.6938682296875001 0.6438589734375 0.6748767515625 0.695332871875 0.7662610453124999 0.7097011703125 0.7878974265625 0.6703225609375
0 0.8115033453124999 0.5759334625 0.7218946734375 0.536533384375 0.69793800625 0.5915939890625 0.791448675 0.6202590046875 0.8115033453124999 0.5759334625
0 0.8218476890625 0.5203538171875 0.739058253125 0.48698885625 0.72058529375 0.5362613390625001 0.8117233984375 0.5575059484375 0.8218476890625 0.5203538171875
0 0.8335014140625001 0.465046215625 0.756195690625 0.42589312812499996 0.730384975 0.471331915625 0.8233771187500001 0.502198346875 0.8335014140625001 0.465046215625
0 0.8526606640625 0.3720424015625 0.7640629062500001 0.3166882765625 0.7461084703124999 0.3637593375 0.8273684734375 0.4152797625 0.8526606640625 0.3720424015625
0 0.8317191312500001 0.834140571875 0.7625420218750001 0.8012946453125 0.7401409218749999 0.8497509921875 0.811664459375 0.878466115625 0.8317191312500001 0.834140571875
0 0.860122465625 0.7776946765625 0.7773330296875 0.7443297203125 0.7659254984375 0.7927610046875 0.827246325 0.823974659375 0.860122465625 0.7776946765625
0 0.86653866875 0.7212989015625 0.79605218125 0.688180928125 0.7780977453125 0.7352519828124999 0.8519677109374999 0.7598363140625 0.86653866875 0.7212989015625
0 0.8711269671874999 0.6668324953125 0.8093137562500001 0.6493714671874999 0.7939519453125 0.6854354171875 0.8570745359374999 0.703168490625 0.8711269671874999 0.6668324953125
0 0.829237728125 0.547289915625 0.8133835265625 0.5971064875 0.8822883062500001 0.625277521875 0.8807065921874999 0.6203305859375 0.9015521203124999 0.5784785125 0.829237728125 0.547289915625
0 0.9019399453125001 0.5185210796875 0.8375079765625 0.5005159609375001 0.8242463953125 0.539325421875 0.895497603125 0.5633656578124999 0.9019399453125001 0.5185210796875
0 0.9245610937500001 0.451637225 0.86580675 0.397865259375 0.8386866546875 0.443031996875 0.9065543796875 0.475605878125 0.9245610937500001 0.451637225
0 0.8411571265625 0.84071978125 0.7771281875 0.88514555625 0.7963026484375 0.9145300640625 0.90845543125 0.8807904640625001 0.9108020359375001 0.8708278359375001 0.8411571265625 0.84071978125
0 0.859059278125 0.770546321875 0.83540108125 0.84183301875 0.916802715625 0.8402723359375001 0.9287833890625 0.7944870359375 0.9303890765625 0.7876700078125001 0.859059278125 0.770546321875
0 0.877972340625 0.6844188156250001 0.86812038125 0.726245834375 0.9312429718749999 0.743978909375 0.9488923734375 0.709113271875 0.9490595046875001 0.7084037015625 0.877972340625 0.6844188156250001
0 0.937554615625 0.641378321875 0.9422736109375001 0.644667925 0.9636638 0.61216563125 0.9097068734375 0.5963368765625 0.8914539687499999 0.627181840625 0.9433367984375 0.6518162859375 0.937554615625 0.641378321875
0 0.9362518890624999 0.29704370468749997 0.8331986640625001 0.215594678125 0.8128978 0.2667965375 0.9114782218749999 0.3380796453125 0.9362518890624999 0.29704370468749997
0 0.954154046875 0.226870240625 0.8505300140625 0.1245202375 0.8304753437500001 0.16884578125 0.932245328125 0.26157396093749996 0.954154046875 0.226870240625
0 0.8527980218750001 0.0857358328125 0.9644983859374999 0.1712906015625 0.99033524375 0.13740301875 0.9178121656249999 0.072674190625 0.8617774031250001 0.061032037500000004 0.8527980218750001 0.0857358328125
0 0.7992721625 0.9544026515624999 0.8893814093750001 0.96177025 0.8992699109375 0.9197880890624999 0.8015401671875001 0.915618246875 0.7992721625 0.9544026515624999
0 0.9692368671875 0.5301939796874999 0.92027126875 0.5223297171875 0.9138027859375001 0.5556230953125 0.9554567687500001 0.5712048640625 0.9692368671875 0.5301939796874999
0 0.991028409375 0.37963826875 0.9479866890625 0.3475816625 0.9350217078125 0.3781368 0.99019454375 0.4154645203125 0.991028409375 0.37963826875
0 0.9930931140625001 0.2909301578125 0.9600406484375 0.26142254375 0.9447189953124999 0.2914880375 0.9920573765625 0.33542968125 0.9930931140625001 0.2909301578125
0 0.995145815625 0.2027377296875 0.9699013187500001 0.17757846093750002 0.9471985640625 0.20749577812500003 0.994069578125 0.2489772796875 0.995145815625 0.2027377296875
0 0.9495998859375 0.662745425 0.8927326578124999 0.6466206796875 0.8850070406249999 0.6866753531249999 0.94348715625 0.69595248125 0.9495998859375 0.662745425
0 0.8665239796875 0.3624857015625 0.8576286828124999 0.389368453125 0.9278842421875 0.4212037484375 0.9272228234375 0.4167566921875 0.9410055828124999 0.39088939375 0.8665239796875 0.3624857015625
0 0.8524417062499999 0.3279558921875 0.7977837453125 0.2806861671875 0.777024896875 0.318032971875 0.8415946765625 0.35586967812500003 0.8524417062499999 0.3279558921875
0 0 0.8171446046874999 0.01254003125 0.8207141515625 0.032779604687500005 0.7786246921875 0 0.7725708796874999 0 0.8171446046874999
0 0.2327783515625 0.747842503125 0.191761440625 0.7393205578125001 0.1412744625 0.7490849234375 0.13610945937500002 0.7856261421874999 0.1846472765625 0.7841370390625 0.2125387734375 0.7899319609375001 0.2327783515625 0.747842503125
0 0.24341684218749998 0.6661439312499999 0.198468859375 0.659698653125 0.15949937187500002 0.6863230171875 0.1582326828125 0.706313715625 0.20448010781249998 0.7072421515625 0.22874901250000002 0.706497603125 0.24341684218749998 0.6661439312499999
0 0.258019159375 0.596842553125 0.21601129062500002 0.585221315625 0.17735028749999998 0.6032295359375001 0.16955365 0.6363305828125 0.22069034531249998 0.6238077921875 0.25022252031250003 0.62994359375 0.258019159375 0.596842553125
0 0.2755288359375 0.5078913578125 0.24073339843750002 0.49487520468749996 0.191611371875 0.52807044375 0.1812158546875 0.5722051640625 0.2283887234375 0.5472851890625 0.26349264687499996 0.5516852 0.2755288359375 0.5078913578125
0 0.2841044578125 0.45181189374999997 0.23947895312499998 0.44570132031250004 0.20655822031249998 0.46573098125 0.2016251703125 0.502639459375 0.240801675 0.47600674375 0.2746723265625 0.47988281875 0.2841044578125 0.45181189374999997
0 0.2865173078125 0.40963812343750006 0.2453082453125 0.40897905156250003 0.21205048906249999 0.438422040625 0.2087235078125 0.4725030890625 0.249861003125 0.44153613125 0.2856747484375 0.43317144687500003 0.2865173078125 0.40963812343750006
0 0.30287926718749997 0.356137496875 0.27257568125 0.3450997453125 0.23786247187499998 0.3647569953125 0.2338256609375 0.4018516765625 0.2652909390625 0.37203627031250003 0.291113334375 0.3821429796875 0.30287926718749997 0.356137496875
0 0.3242100625 0.281541403125 0.290490034375 0.2650521578125 0.2572143890625 0.2865886390625 0.246584775 0.33969970312500003 0.27517493437499996 0.30612582499999996 0.313713178125 0.3141327859375 0.3242100625 0.281541403125
0 0.3393029765625 0.221454878125 0.3002055171875 0.2038483796875 0.2821301359375 0.2127373859375 0.27058639218749997 0.2577557265625 0.2974198609375 0.2396224546875 0.32826476875 0.2523532296875 0.3393029765625 0.221454878125
0 0.3554606375 0.15684788593750001 0.3233466828125 0.13753121875000002 0.30614964375 0.1386999203125 0.29156226875 0.18466645625 0.3121578546875 0.1810427421875 0.3447952390625 0.1941459359375 0.3554606375 0.15684788593750001
0 0.1965816984375 0.886314496875 0.1414272921875 0.8780552578125 0.12955283906249998 0.92038821875 0.192683915625 0.9271047421875 0.1965816984375 0.886314496875