0 1 0.5484550984375 0.8220407609375 0.442631459375 0.8072711515625001 0.600741328125 0.996065828125 0.7082603859375001 1 0.6986494046875 1 0.5484550984375
0 0.50611223125 0.4712857 0.5055224140625 0.51966796875 0.7677695890625 0.5425831640625 0.7875407437499999 0.5095487359375 0.50611223125 0.4712857
0 0.567880871875 0.1362481484375 0.5614119796875 0.235152809375 0.8416056953125001 0.28835854843750003 0.8799611578125001 0.2160298 0.567880871875 0.1362481484375
0 0.22870934687500002 0.033727540625 0.2872483953125 0.170841328125 0.5330859484375 0.22735656249999997 0.5537897796875 0.10054613125 0.22870934687500002 0.033727540625
0 0.5447074453125 0.292943984375 0.2587785125 0.226652859375 0.2516646421875 0.29211795625 0.5346780156250001 0.3730689828125 0.5447074453125 0.292943984375
0 0.479632434375 0.7092377578125 0.48739848593749996 0.7802366546874999 0.6489508640625 0.8256001171875 0.68053531875 0.7733427359375 0.479632434375 0.7092377578125
0 0.5411948578125 0.25296172499999997 0.569727109375 0.3819964546875 0.8242633937500001 0.41573459062499996 0.8482328515625 0.3318949640625 0.5411948578125 0.25296172499999997
0 1 0.20204883125 0.8717011859375001 0.1510079890625 0.8644434671875001 0.2800808640625 1 0.334546515625 1 0.20204883125
0 0.26208488281250003 0.14539663593750002 0.0508794390625 0.177095290625 0.042497446875 0.2785287421875 0.2430618125 0.272489871875 0.26208488281250003 0.14539663593750002
0 0.2923530515625 0.356536003125 0.2942807765625 0.353830271875 0.2610562984375 0.28157782343750004 0.0417457609375 0.2876251484375 0.03297273125 0.393790675 0.2923530515625 0.356536003125
0 0.46588420468749997 0.62814201875 0.2565367515625 0.6868500328125 0.265736609375 0.761120275 0.46618631875 0.70697530625 0.46588420468749997 0.62814201875
0 0.23041894062499998 0.44610805625000005 0.2685898078125 0.5616141156250001 0.4661791125 0.6039508828125 0.4862931265625 0.525522728125 0.23041894062499998 0.44610805625000005
0 0.5184266562500001 0.54911009375 0.541072628125 0.6256427875 0.745878909375 0.66313370625 0.8000541765625 0.605587184375 0.5184266562500001 0.54911009375
0 0.5039855 0.45577738593749995 0.5677993828125001 0.38470219375000003 0.5608773171875 0.36535691406250004 0.3008048234375 0.33674744218749997 0.25023804374999997 0.39187103749999996 0.28257058125 0.43367245781249997 0.48203966249999997 0.4945060875 0.5039855 0.45577738593749995
0 0.08771945 0.6675350203125 0.0902921484375 0.6982688515625 0.2850545890625 0.6098359015625 0.2520291234375 0.55579750625 0.1397679828125 0.5944801843749999 0.08771945 0.6675350203125
0 0.6733590890625 0.653961571875 0.67514295625 0.714863615625 0.852021225 0.7809863906250001 0.9210284625 0.7501762578125 0.6733590890625 0.653961571875
0 0.46875181406250005 0.6346847140625 0.48378279218750003 0.67963515625 0.661401934375 0.736792303125 0.6445391359375 0.6521424078125 0.498113634375 0.6093242015625 0.46875181406250005 0.6346847140625
0 1 0.3877153625 0.86538335625 0.2893293 0.8391433109375 0.42126838437499997 1 0.5061049421875 1 0.3877153625