0 0.6116745140625001 0.127017153125 0.63587129375 0.1952763328125 0.7581123359374999 0.12018803125 0.9066093687500001 0.1220976890625 0.8882049140625 0.05260019218749999 0.7499197265624999 0.04238803125 0.6116745140625001 0.127017153125
0 0.6553074796875 0.200300140625 0.6808770640625 0.2743851703125 0.7854400296875 0.2275535953125 0.9058345031249999 0.2048744921875 0.8836969343750001 0.1453541015625 0.7682799484375 0.1547303953125 0.6553074796875 0.200300140625
0 0.6732824 0.28518783124999997 0.6923732546875 0.357598259375 0.8016126078125 0.322005615625 0.94792199375 0.3060249296875 0.9326926906249999 0.23278895312499998 0.7952223390625 0.23464127812500002 0.6732824 0.28518783124999997
0 0.9776952421875 0.40053123749999997 0.970139278125 0.3684655578125 0.9560304000000001 0.33182850625000004 0.8195033234375 0.3548968796875 0.7091480328124999 0.402966778125 0.732529971875 0.4591614703125 0.8424557296874999 0.42648175312500003 0.9776952421875 0.40053123749999997
0 0.731414034375 0.47163873125 0.7472013093750001 0.5386360765625 0.867037809375 0.52219560625 0.9885482218750001 0.4870392453125 0.96310706875 0.422105775 0.960489890625 0.4196056171875 0.8433990031249999 0.44769780312499996 0.731414034375 0.47163873125
0 0.764060290625 0.6360010234375 0.8749293171874999 0.6245373562500001 0.9936721625 0.57873374375 0.9938585249999999 0.5627178453125 0.9707417093749999 0.5061444046875 0.868410615625 0.5280214625 0.74621380625 0.5602648953125 0.764060290625 0.6360010234375
0 0.7967507765625 0.7575184515625 0.89963983125 0.729402765625 0.9925250171875 0.677319271875 0.99324415 0.615517090625 0.986914284375 0.600596425 0.8822228843750001 0.63827645 0.7745290046875 0.6460016375000001 0.7967507765625 0.7575184515625
0 0.9389817171875 0.81890149375 0.991183628125 0.792597975 0.9922623890625 0.6998893749999999 0.9146565015625001 0.7414907609375 0.8006123265625 0.7566929015625 0.8177724078124999 0.8295161046875 0.9389817171875 0.81890149375
0 0.9699140906249999 0.9071383859375001 0.9899563078125 0.89807363125 0.99094295 0.8132817671874999 0.9462752812499999 0.8326405828125001 0.83459141875 0.8320397625 0.845401203125 0.9123399187500001 0.9699140906249999 0.9071383859375001
0 0.5865259453125 0.3129142453125 0.6466810781250001 0.27557648281249997 0.639174878125 0.20068941406250002 0.5639588421874999 0.26878405 0.5865259453125 0.3129142453125
0 0.5933457484375 0.3848883953125 0.6878252984375 0.3555108765625 0.6676185078125 0.2955777109375 0.5779437749999999 0.345345725 0.5933457484375 0.3848883953125
0 0.6249645265625 0.47603821875 0.7038694421875 0.440811340625 0.6887685718750001 0.3767269265625 0.600767746875 0.40777904062500003 0.6249645265625 0.47603821875
0 0.635645878125 0.5471868140625 0.7283230890625 0.5273736312499999 0.7119778484375 0.466614915625 0.624406559375 0.48227684843749996 0.635645878125 0.5471868140625
0 0.6598426546875 0.6154459921875 0.738574909375 0.61391241875 0.7311971390625 0.5481769062499999 0.6461145890625 0.557187428125 0.6598426546875 0.6154459921875
0 0.6729685234375 0.722788046875 0.7682629125 0.705475015625 0.7544064109375 0.6380648953125 0.657739215625 0.649552071875 0.6729685234375 0.722788046875
0 0.702399653125 0.796047528125 0.772722403125 0.793252128125 0.76740384375 0.7362553968750001 0.6912887703124999 0.7402891203124999 0.702399653125 0.796047528125
0 0.698192775 0.8642596953125 0.8240342406250001 0.9077288859375001 0.8145972625000001 0.8332545843749999 0.702528090625 0.8051990890624999 0.698192775 0.8642596953125
0 0.4859129953125 0.273230546875 0.552418425 0.228415828125 0.5352583421875 0.1555926265625 0.46184465 0.21412293125 0.4859129953125 0.273230546875
0 0.5077494625 0.3572926875 0.5716377125000001 0.3099778125 0.5540480984375 0.252544803125 0.48380955156249994 0.307336628125 0.5077494625 0.3572926875
0 0.5151272312499999 0.42302819999999997 0.583133903125 0.3931909 0.5681614640625 0.3382580421875 0.4982240203125 0.3685081171875 0.5151272312499999 0.42302819999999997
0 0.5404399484375 0.478810115625 0.6055283390625 0.471014403125 0.5905559015625 0.4160815453125 0.5262823484375 0.435941740625 0.5404399484375 0.478810115625
0 0.558972834375 0.55745916875 0.612906109375 0.536749921875 0.602481625 0.48390444062500004 0.54730398125 0.507939390625 0.558972834375 0.55745916875
0 0.557856896875 0.5699364296875 0.5684098125 0.63193346875 0.6373597578125 0.6233122125 0.6273648046875 0.55507654375 0.6261204359375 0.5584022484375 0.557856896875 0.5699364296875
0 0.60148560625 0.7809055781249999 0.68682501875 0.79019816875 0.676272103125 0.7282011296875 0.6011445296875 0.7106060359375 0.60148560625 0.7809055781249999
0 0.5125015312500001 0.6959003578125 0.5680644828125 0.6993200859375001 0.5730862046875 0.6431724062499999 0.508427346875 0.6355779265625 0.5125015312500001 0.6959003578125
0 0.4345084328125 0.3821296796875 0.48775530468749995 0.358507503125 0.48436752343749995 0.30109799531250003 0.42090880625000004 0.33302267812499997 0.4345084328125 0.3821296796875
0 0.47517889062499996 0.520299128125 0.5307860734375 0.48087398906249995 0.514697696875 0.43841838749999995 0.4564733375 0.47534337656250003 0.47517889062499996 0.520299128125
0 0.6214755000000001 0.9173769109375 0.7108049015625 0.9349955140624999 0.709476325 0.8863247953125001 0.6252528484375001 0.8645549375 0.6214755000000001 0.9173769109375
0 0.41485961250000003 0.315957884375 0.473770371875 0.2819458265625 0.4612866828125 0.2203615625 0.401131546875 0.25769931874999996 0.41485961250000003 0.315957884375
0 0.143435134375 0.3862235953125 0.256792909375 0.368108521875 0.239331725 0.319827071875 0.1342550234375 0.33005241406249997 0.143435134375 0.3862235953125
0 0.1499980640625 0.439894621875 0.282105621875 0.4238904328125 0.2738687828125 0.3889353015625 0.27305394843749997 0.3768708125 0.135154065625 0.394113325 0.1499980640625 0.439894621875
0 0.1663433078125 0.5006533359375 0.289912925 0.47423576093750003 0.2796168765625 0.43054183906250004 0.154674453125 0.4511335609375 0.1663433078125 0.5006533359375
0 0.165997978125 0.5680399546875 0.3062581703125 0.5349944734375 0.291972134375 0.48297454687499997 0.14785039375 0.5168455703125 0.165997978125 0.5680399546875
0 0.18551836875 0.6250601875 0.32316138437499997 0.5895145625 0.303769425 0.5416458796875 0.1704174984375 0.5609757734375 0.18551836875 0.6250601875
0 0.2075275015625 0.675429021875 0.329037909375 0.6402726640624999 0.3097743890625 0.6015555421875 0.1944858421875 0.6200833890624999 0.2075275015625 0.675429021875
0 0.223186340625 0.7332748125 0.3304949234375 0.6980949437499999 0.3163373234375 0.655226571875 0.2109595171875 0.689993659375 0.223186340625 0.7332748125
0 0.347398134375 0.7526150265625 0.3327942578125 0.70682585 0.21546324375 0.734925909375 0.229749275 0.7869458359375 0.347398134375 0.7526150265625
0 0.23811454843750002 0.8310525312499999 0.36348650625 0.7950706234375 0.34615375937500004 0.755940728125 0.22245570781250001 0.7732067484375 0.23811454843750002 0.8310525312499999
0 0.5372562828125 0.7579209046875001 0.5798617734375 0.75799141875 0.5869427 0.7105825265625 0.5396608265625 0.699273075 0.5372562828125 0.7579209046875001
0 0.42059918593749995 0.6329367421875001 0.4266283125 0.58549045 0.37859589374999997 0.5837827234375 0.37674932499999997 0.6361919281249999 0.42059918593749995 0.6329367421875001
0 0.4604633234375 0.4836693890625 0.45293433906249997 0.4517182046875 0.39374525781249997 0.467336121875 0.40528568125 0.5077043406249999 0.4604633234375 0.4836693890625
0 0.5360961093750001 0.813243028125 0.5924739 0.8287272437500001 0.5983104578125 0.784644053125 0.536826746875 0.7733110921875 0.5360961093750001 0.813243028125
0 0.44308208593750004 0.6250705140624999 0.48238399843749996 0.6197279531250001 0.487534146875 0.5727318296874999 0.4359611859375 0.577638115625 0.44308208593750004 0.6250705140624999
0 0.46543229531249997 0.7457388921875 0.515331353125 0.75954849375 0.5230986828125 0.715052534375 0.4731996265625 0.7012429250000001 0.46543229531249997 0.7457388921875
0 0.557033540625 0.8332442562500001 0.5472069984375 0.8690014359375 0.5935013734375 0.9019397124999999 0.609678209375 0.8587055781249999 0.6040143171875 0.869095459375 0.557033540625 0.8332442562500001
0 0.3311456109375 0.468480421875 0.3831481109375 0.44818395000000005 0.376155640625 0.4099031078125 0.3230372078125 0.44267684531249996 0.3311456109375 0.468480421875
0 0.4450496359375 0.43930213125 0.5112860859375 0.421202215625 0.49402417656250003 0.375649784375 0.436129296875 0.395905809375 0.4450496359375 0.43930213125
0 0.44719661874999994 0.6811177140625 0.504703821875 0.692459971875 0.49846325468749997 0.6327330453125 0.4423643796875 0.6329079875 0.44719661874999994 0.6811177140625
0 0.47782342343749995 0.8498744765625 0.5421527125 0.8735462406250001 0.5435353078125 0.8240078562500001 0.4918837375 0.8153531703124999 0.47782342343749995 0.8498744765625
0 0.4192693328125 0.750477121875 0.41454600937499997 0.753098490625 0.41665062812500003 0.7497344531250001 0.38206350312500004 0.7482245546875 0.37093100625000003 0.78408964375 0.4141583328125 0.7846967671875 0.4192693328125 0.750477121875
0 0.4767200890625 0.800867553125 0.5263276109375 0.8119289406249999 0.5278755687500001 0.774173478125 0.48608504999999996 0.75750149375 0.4767200890625 0.800867553125
0 0.3936461078125 0.448321825 0.4433647859375 0.43769261875 0.42770505 0.387858240625 0.38268172031250003 0.40733220625 0.3936461078125 0.448321825
0 0.4121712296875 0.7319393562500001 0.45716608281250004 0.7400474499999999 0.4628021484375 0.697478575 0.4252650953125 0.6877761 0.4121712296875 0.7319393562500001
0 0.3639720390625 0.7323951531249999 0.4102098578125 0.7402375171875 0.40786355468749996 0.6914963234375 0.36764673281250004 0.698124446875 0.3639720390625 0.7323951531249999
0 0.36735270625 0.3810636671875 0.41883891562500003 0.3779354359375 0.4152496484375 0.329459971875 0.373707171875 0.33046236875 0.36735270625 0.3810636671875