0 0.4639796703125 0.579022759375 0.47486376874999997 0.5475157281249999 0.3316876765625 0.4960906140625 0.2769507828125 0.49491475781250005 0.282402403125 0.5478102484375 0.3343439546875 0.5515096078124999 0.4639796703125 0.579022759375
0 0.41044462499999995 0.7550309078125 0.4232386359375 0.7025273734375 0.29036486250000004 0.66830123125 0.2307708875 0.6570558921874999 0.22048133593750002 0.73138891875 0.2778681234375 0.7422177640625 0.41044462499999995 0.7550309078125
0 0.446632234375 0.6886358078125 0.4614879828125 0.648725265625 0.3286142140625 0.6144991265625 0.2441530546875 0.6016123546875 0.24357128125 0.6503183531250001 0.3074341828125 0.6745731828125 0.446632234375 0.6886358078125
0 0.45000934687500005 0.6374063 0.4650105421875 0.5853192593750001 0.3188936671875 0.5485941484375 0.2663639578125 0.5478347921875 0.24974373437500003 0.5965653359374999 0.3097804296875 0.6170471734375 0.45000934687500005 0.6374063
0 0.662448896875 0.39985371875000003 0.55002794375 0.3664360203125 0.53870751875 0.4344725515625 0.6400925515625 0.46580777968750003 0.662448896875 0.39985371875000003
0 0.804733175 0.3870398359375 0.6746547515625 0.3502901796875 0.6687795624999999 0.4254562 0.782819546875 0.46223039374999997 0.804733175 0.3870398359375
0 0.8645925046875 0.190868165625 0.862385325 0.1904516734375 0.7117150203125 0.21083608125 0.707604303125 0.2771820921875 0.860336346875 0.269390678125 0.8645925046875 0.190868165625
0 0.8882706140625001 0.1068575984375 0.7321550718750001 0.12011251875 0.722599115625 0.1793290484375 0.87636203125 0.177834134375 0.8882706140625001 0.1068575984375
0 0.6936084499999999 0.1525016234375 0.595316028125 0.14005589062499998 0.5825220171875001 0.192559425 0.6841979390625 0.1995416515625 0.6936084499999999 0.1525016234375
0 0.7230226796875 0.051267545312499996 0.6111962656250001 0.060675846874999995 0.6000212828125 0.11653587812499999 0.713466725 0.1104840734375 0.7230226796875 0.051267545312499996
0 0.51456755 0.371948615625 0.4418822984375 0.3917938140625 0.43688615468750003 0.4396668265625 0.5145739328125 0.4177146171875 0.51456755 0.371948615625
0 0.6574336062499999 0.310428728125 0.574882359375 0.276545446875 0.554290484375 0.33367950625 0.6402252296875 0.362099275 0.6574336062499999 0.310428728125
0 0.5523614234374999 0.2173780078125 0.45422082656249996 0.2385217703125 0.45363905156250006 0.2872277765625 0.5516342062499999 0.2782605125 0.5523614234374999 0.2173780078125
0 0.5680962140625 0.15017446406249998 0.46274591249999997 0.1730087484375 0.4637831671875 0.22507124531249997 0.5591284171875001 0.206450990625 0.5680962140625 0.15017446406249998
0 0.5101085046875 0.050753615625000005 0.5005525453125 0.1099701453125 0.5956005296875 0.0699368890625 0.5961204906249999 0.0264058953125 0.5864272703125 0.02457679375 0.5101085046875 0.050753615625000005
0 0.6959738421874999 0.23227362343750002 0.58840996875 0.2089254109375 0.5738514921875 0.27024895312499997 0.68921323125 0.28896664375 0.6959738421874999 0.23227362343750002
0 0.9946048296875001 0.161504 0.997027121875 0.10205668593749999 0.7581027375 0.056971828125 0.7599630390625001 0.10705394374999999 0.92108110625 0.0916920125 0.9946048296875001 0.161504
0 0.9635050015625 0.42920390937499997 0.9836541640625001 0.3628333515625 0.8316493359375 0.30974225624999996 0.710254203125 0.28683508281250003 0.7051126156249999 0.3468846 0.8137073609375 0.37652930625000003 0.9635050015625 0.42920390937499997
0 0.43849241718750004 0.35149131875 0.3631572640625 0.3616835234375 0.354923065625 0.4028435484375 0.4340844296875 0.39642433125 0.43849241718750004 0.35149131875
0 0.54295729375 0.3101840390625 0.4442221578125 0.288501803125 0.43922601875 0.336374815625 0.4424640703125 0.34308780781250003 0.5329586265625 0.360164065625 0.54295729375 0.3101840390625
0 0.4514254828125 0.2410452796875 0.367116153125 0.2617480109375 0.3632963234375 0.3037410234375 0.45025555625 0.2926912890625 0.4514254828125 0.2410452796875
0 0.4764189640625 0.093212209375 0.40343644218749997 0.0916444078125 0.3950567984375 0.1449809296875 0.47583719062499996 0.14191821093749998 0.4764189640625 0.093212209375
0 0.2812069421875 0.416392246875 0.23456518593750003 0.43199887031250006 0.240162253125 0.4727178578125 0.2946018765625 0.4524807078125 0.2812069421875 0.416392246875
0 0.3039996203125 0.3139086796875 0.26118407499999996 0.3332882953125 0.25736424687500004 0.37528130625 0.29914891875 0.34960519687499997 0.3039996203125 0.3139086796875
0 0.2788223984375 0.1993222453125 0.22953074375 0.2052758796875 0.23056799843750003 0.257338375 0.2766215953125 0.24467175624999998 0.2788223984375 0.1993222453125
0 0.1968912265625 0.39132897031249997 0.1704050171875 0.386331040625 0.155549265625 0.42624158124999995 0.192040528125 0.4270254875 0.1968912265625 0.39132897031249997
0 0.42867552499999995 0.012473184375 0.42564734531250004 0.0378668453125 0.49097744531250004 0.031888667187500004 0.494478540625 0.01438785625 0.42867552499999995 0.012473184375
0 0.5146435687500001 0.0149745984375 0.515111028125 0.048646603125 0.575213228125 0.0224607109375 0.5393508546875 0.0156935078125 0.5146435687500001 0.0149745984375
0 0.21232875 0.302712428125 0.173042146875 0.3044520328125 0.172017659375 0.343921534375 0.2152759171875 0.333778421875 0.21232875 0.302712428125
0 0.3819655203125 0.17607146875 0.3313521078125 0.2000816015625 0.33636101875 0.2437405890625 0.3791765609375 0.2243609734375 0.3819655203125 0.17607146875
0 0.3559539375 0.4091400421875 0.306067740625 0.372267675 0.296069071875 0.42224770781250004 0.3416863453125 0.4461105859375 0.3559539375 0.4091400421875
0 0.1964804265625 0.610922478125 0.1552775265625 0.5878925890625 0.1452788578125 0.6378726203125 0.187215359375 0.6457860078125 0.1964804265625 0.610922478125
0 0.2214802921875 0.5088554125 0.17836747656250002 0.5068220234374999 0.17410493124999998 0.5395785390625 0.22663464218749999 0.5403379 0.2214802921875 0.5088554125
0 0.1512803421875 0.41323209375000003 0.114643634375 0.42462469374999995 0.1142073015625 0.4611542 0.15187488124999998 0.45605809375 0.1512803421875 0.41323209375000003
0 0.510953171875 0.5301010749999999 0.5860269953125 0.488824625 0.439447921875 0.42760775781250004 0.36000687187499997 0.43596163906249996 0.356283934375 0.48194782187499996 0.510953171875 0.5301010749999999
0 0.24859682656249998 0.3259221671875 0.21520616874999998 0.33435286875000003 0.2180522125 0.364352903125 0.24916890937499997 0.3525468078125 0.24859682656249998 0.3259221671875
0 0.19362309375 0.44223950937499995 0.152746896875 0.4364904015625 0.1523723578125 0.46784691250000005 0.1907384546875 0.475086565625 0.19362309375 0.44223950937499995
0 0.2442688828125 0.6191664046875001 0.250844553125 0.577901434375 0.2045594453125 0.58259035 0.19852168750000002 0.612771090625 0.2442688828125 0.6191664046875001
0 0.2947579046875 0.1206087234375 0.2826640453125 0.078451365625 0.24360067968750002 0.0984231703125 0.2466778609375 0.100143125 0.2545397015625 0.1335268484375 0.2947579046875 0.1206087234375
0 0.41026227656250003 0.0119374125 0.402918340625 0.0117237265625 0.3432085984375 0.040886478125 0.34167358124999997 0.06566126562499999 0.40771599218750004 0.051919684375 0.41026227656250003 0.0119374125
0 0.4603163 0.178053209375 0.4603115296875 0.1438735203125 0.402345825 0.155721296875 0.39905378593749996 0.189278878125 0.4603163 0.178053209375