0 0.5462196546875 0.854396984375 0.6861222453125 0.8200037578125 0.5508433953125 0.7577647328125 0.4269508359375 0.8147412984375 0.5462196546875 0.854396984375
0 0.4537508234375 0.7028696640625001 0.4646112203125 0.7690438828125 0.575967321875 0.731946940625 0.6736525859375 0.7674516875 0.68571415625 0.7084721390625 0.5701387546875 0.6806720765625001 0.4537508234375 0.7028696640625001
0 0.460882590625 0.6568736578125 0.46767671406250005 0.699975228125 0.578761971875 0.6795441640625 0.687967125 0.6894011296875 0.69177834375 0.64276651875 0.5798453390625 0.6128806328125 0.460882590625 0.6568736578125
0 0.6955385515625 0.5821904531250001 0.7036868843749999 0.5419626156249999 0.5890770359374999 0.5059892578125 0.47943221874999997 0.5573469609374999 0.47294416093749997 0.59789410625 0.5829618390625 0.5577534296875 0.69821539375 0.5882779203124999 0.6955385515625 0.5821904531250001
0 0.47392550624999996 0.5033476703125 0.4784156515625 0.5515787984375 0.59400684375 0.4930057171875 0.695656359375 0.5237002171875 0.7084636578125 0.48715470937500005 0.6041373015625 0.4503727484375 0.47392550624999996 0.5033476703125
0 0.4833612484375 0.4522221125 0.48752954375 0.5031776671875 0.5971743593750001 0.4518199625 0.6954523140625 0.4679344078125 0.6999582484375 0.42979238437499995 0.6016292812499999 0.3997364953125 0.4833612484375 0.4522221125
0 0.5095685390625 0.359740790625 0.5107381390625 0.40733331093749997 0.601103384375 0.3466951125 0.7010416187499999 0.363128853125 0.712188640625 0.3262640484375 0.6151980953125 0.2992518921875 0.5095685390625 0.359740790625
0 0.493185640625 0.325940425 0.501318184375 0.3720857265625 0.6214663218750001 0.2893120796875 0.725792678125 0.32609404531249997 0.7329754562499999 0.294039490625 0.6109787875 0.234354878125 0.493185640625 0.325940425
0 0.5318783796875 0.1996380296875 0.5373850921875001 0.25363731875 0.6227185093750001 0.17809976249999998 0.73881980625 0.2589412015625 0.7589119046875 0.21822405156250002 0.6258350109374999 0.122972559375 0.5318783796875 0.1996380296875
0 0.5378405421875 0.10604950625000001 0.54136513125 0.1624539203125 0.6373038906249999 0.0833833203125 0.7528124953125 0.1836150765625 0.7828662296875 0.1448137390625 0.6686520812500001 0.053747184375 0.6214514921875 0.044669590625 0.5378405421875 0.10604950625000001
0 0.3693319546875 0.756292478125 0.448550175 0.7325190921875 0.4467368703125 0.69037543125 0.3688060578125 0.7032510953125 0.3693319546875 0.756292478125
0 0.390236578125 0.6655776828125 0.46913294062500005 0.6445287203125 0.4593401234375 0.5980641140625 0.3934040890625 0.624391928125 0.390236578125 0.6655776828125
0 0.2685811984375 0.7898563843749999 0.31625423124999996 0.7600162375 0.31743961875000004 0.7212356140625 0.2624307796875 0.7413059515625 0.2685811984375 0.7898563843749999
0 0.2739506671875 0.7156581656250001 0.33356746249999997 0.68532871875 0.32580778125 0.6504004343750001 0.2661909859375 0.6807298890625 0.2739506671875 0.7156581656250001
0 0.40353454843750003 0.581758953125 0.47970306249999994 0.5406810765625 0.4732307890625 0.4948550796875 0.40139939062499996 0.5423397249999999 0.40353454843750003 0.581758953125
0 0.33893693125 0.6111304984375 0.3988755796875 0.5780766171875 0.40070467499999995 0.5338471359375 0.3344467875 0.562899378125 0.33893693125 0.6111304984375
0 0.417154371875 0.4952158046875 0.48068440468749996 0.44613464531249997 0.47656712343749996 0.40912054218750005 0.41501921406250003 0.455796578125 0.417154371875 0.4952158046875
0 0.346288528125 0.5345271640625 0.40949670937500005 0.4881704296875 0.40698868906249996 0.4375341796875 0.34212023281250004 0.48357160156249995 0.346288528125 0.5345271640625
0 0.281996978125 0.6475474203125 0.33127927343749997 0.604085125 0.3268401390625 0.569795453125 0.2722041609375 0.6010828171875 0.281996978125 0.6475474203125
0 0.4642662859375 0.3120196859375 0.519867815625 0.2725590296875 0.518749228125 0.23890796406249998 0.443868125 0.269088121875 0.4642662859375 0.3120196859375
0 0.30871073125000004 0.421419734375 0.3878269296875 0.369763440625 0.377441415625 0.3426891484375 0.296986796875 0.3913017125 0.30871073125000004 0.421419734375
0 0.465620490625 0.228690271875 0.5353677453125 0.1557278484375 0.5242875203125 0.1201609625 0.45786080937499996 0.1937619890625 0.465620490625 0.228690271875
0 0.46900783593749995 0.156897184375 0.5506478421875001 0.0695039984375 0.5375854859375 0.036342240625 0.4612481546875 0.1219689078125 0.46900783593749995 0.156897184375
0 0.31413121093749996 0.36116297343750003 0.3866063171875 0.30822946875 0.388435409375 0.2639999859375 0.3070152359375 0.32078583906249997 0.31413121093749996 0.36116297343750003
0 0.33940115625 0.21696957499999997 0.401959890625 0.1471795296875 0.39786411875 0.1215532203125 0.3313166140625 0.1949594296875 0.33940115625 0.21696957499999997
0 0.326076371875 0.28453950781250004 0.3964973828125 0.22356700625 0.402795478125 0.1853286953125 0.321278759375 0.2573171234375 0.326076371875 0.28453950781250004
0 0.41496560000000005 0.135069834375 0.4671037171875 0.070581178125 0.4578110125 0.05126086875 0.4134549234375 0.10263521406250001 0.41496560000000005 0.135069834375
0 0.41326131562499996 0.2399408921875 0.4640225 0.1795707046875 0.4592248859375 0.15234832812500002 0.406047384375 0.21809818124999997 0.41326131562499996 0.2399408921875
0 0.763660265625 1 0.7841663109375 0.9941869453125 0.78329230625 0.9678939078125 0.658756940625 0.9439433265625 0.5542628953125 0.9412637125 0.559611296875 0.9858339 0.655849540625 1 0.763660265625 1
0 0.5639386015625 0.8930517140625 0.5661497046874999 0.9304873046875001 0.6670035000000001 0.9302897421875 0.7793607203125 0.956252384375 0.7976141765625 0.9140442140625 0.6619065749999999 0.8835908375000001 0.5639386015625 0.8930517140625
0 0.5692196234375 0.8483486921875001 0.5789627140625 0.8894099078125001 0.6805709390625 0.8828261953125001 0.7957741234375 0.9071590984375 0.7992948046875 0.8773570812499999 0.6770227359375001 0.8342480609375 0.5692196234375 0.8483486921875001
0 0.5446822796874999 1 0.5556398515625001 0.9632993203125 0.5206142828125 0.9565632203125001 0.43925899375000005 0.9713961265625001 0.4434108171875 1 0.5446822796874999 1
0 0.438808234375 0.9190595281249999 0.4428593921875 0.96338023125 0.5247574875 0.955182959375 0.5465192937500001 0.9506598671875001 0.555189090625 0.9109627281250001 0.5220035734375 0.9111117421875001 0.438808234375 0.9190595281249999
0 0.44250067812499994 0.865342675 0.4468431703125 0.9184277234374999 0.5250611578125 0.8964602171875 0.557200909375 0.893933003125 0.568213715625 0.8568635515624999 0.524107440625 0.8483810546875 0.44250067812499994 0.865342675
0 0.377494265625 0.95516340625 0.4339504515625 0.9377189953125 0.42939633906249997 0.8976557218749999 0.3693397578125 0.9231160203125001 0.377494265625 0.95516340625
0 0.3127640046875 0.907881240625 0.367459846875 0.9053378406249999 0.3745809234375 0.86751993125 0.3128959078125 0.873073334375 0.3127640046875 0.907881240625
0 0.072163784375 0.7658176265625001 0.1650224984375 0.7771449328125 0.1905564578125 0.740691103125 0.0824221609375 0.735134325 0.072163784375 0.7658176265625001
0 0.0604487375 0.752679203125 0.0174604171875 0.7501707453125 0.0183245734375 0.787298390625 0.049184453125 0.7918773703124999 0.0604487375 0.752679203125
0 0.08377159687499999 0.6787897828125 0.015556809375 0.6683839484375 0.0164215515625 0.705536784375 0.077153471875 0.712350259375 0.08377159687499999 0.6787897828125
0 0.0882981875 0.6404729046875001 0.014611928125000001 0.627788040625 0.015318953125000001 0.65816466875 0.075696803125 0.668528528125 0.0882981875 0.6404729046875001
0 0.0873444703125 0.5923937390625 0.013457378124999999 0.5781838109375 0.014461645312499999 0.6213312156249999 0.0807263484375 0.62595421875 0.0873444703125 0.5923937390625
0 0.101083671875 0.5210153546875 0.011535318749999999 0.4956043015625 0.012632839062500002 0.5427582546874999 0.0763439984375 0.5619761046875 0.101083671875 0.5210153546875
0 0.08226273125 0.6915620765625 0.175161303125 0.7137824421875 0.180190846875 0.671208134375 0.092441396875 0.6390926453125 0.08226273125 0.6915620765625
0 0.0936589265625 0.6175560046874999 0.1860545390625 0.6440338015625 0.2027592765625 0.603704859375 0.10412892031250001 0.5738509234375 0.0936589265625 0.6175560046874999
0 0.10815255625 0.539791475 0.19640496406250002 0.567649534375 0.205074765625 0.5279523968750001 0.11297048125 0.510238946875 0.10815255625 0.539791475
0 0.11645130781249999 0.4695438671875 0.19842912031249998 0.4831327234375 0.20839616093750002 0.4436850703125 0.11913784375 0.4243418765625 0.11645130781249999 0.4695438671875
0 0.0114997984375 0.45931476875 0.0983696140625 0.48783719999999997 0.11013685312499999 0.4443816046875 0.017272821875 0.410447040625 0.0114997984375 0.45931476875
0 0.2012874171875 0.41401588437500003 0.2015388953125 0.41188717031250005 0.20351085625 0.38396438593750004 0.0760896703125 0.350750484375 0.072820465625 0.378423790625 0.2012874171875 0.41401588437500003
0 0.0826679375 0.306296946875 0.20937454687499998 0.356790053125 0.2177928703125 0.3192216375 0.0921320234375 0.271106725 0.0826679375 0.306296946875
0 0.094858415625 0.236797796875 0.22989129843749997 0.2954234421875 0.23960686562500003 0.2581045046875 0.10227082968750001 0.2077442328125 0.094858415625 0.236797796875
0 0.23141250000000002 0.21516406093749998 0.22647500156249997 0.2120374046875 0.2344302265625 0.1896194765625 0.1126611125 0.14225302812500001 0.1021512546875 0.17506505 0.23141250000000002 0.21516406093749998
0 0.74631944375 0.8541064078125 0.7832372640624999 0.8111336 0.6902988359375 0.77802016875 0.6817486078125 0.8503964953125 0.74631944375 0.8541064078125
0 0.6819725671875 0.769887628125 0.7725281265625 0.789480309375 0.78998729375 0.7427652234375001 0.690099553125 0.7235548625 0.6819725671875 0.769887628125
0 0.6882594984375 0.716669740625 0.7782722468750001 0.7296267921874999 0.79472550625 0.6914265656249999 0.7007811687500001 0.666828 0.6882594984375 0.716669740625
0 0.6987816890625 0.6163706312499999 0.79247454375 0.6430979171875 0.8068362718750001 0.6001412921875 0.715698040625 0.563019915625 0.6987816890625 0.6163706312499999
0 0.7144007984375 0.5627704296875 0.8049563609374999 0.5823631109375 0.81052871875 0.5464244328125 0.72667099375 0.5150573984375 0.7144007984375 0.5627704296875
0 0.7165046671875 0.5000397421875 0.8099460484375 0.5288957359375 0.8155184078125 0.4929570609375 0.7363068453125 0.45595233593750006 0.7165046671875 0.5000397421875
0 0.719494871875 0.3961150046875 0.8039352640624999 0.44501072812500003 0.8234859625000001 0.4030520421875 0.731513590625 0.3505306890625 0.719494871875 0.3961150046875
0 0.7689153937500001 0.8649832921874999 0.841349403125 0.8919762375 0.8557111296875 0.8490196125 0.7850773171875 0.8180187140624999 0.7689153937500001 0.8649832921874999
0 0.7873804703125 0.8097533406249999 0.8502308265625 0.8392573265625 0.8767706953125 0.7942886312499999 0.792912971875 0.762921603125 0.7873804703125 0.8097533406249999
0 0.7926216375 0.754157253125 0.8668558453124999 0.7771422593749999 0.8765714109375 0.7398233234375 0.80464035625 0.7085729421875 0.7926216375 0.754157253125
0 0.8022973468749999 0.7059452562499999 0.86535931875 0.7224274625 0.874823403125 0.6872372390625 0.8130586750000001 0.67100451875 0.8022973468749999 0.7059452562499999
0 0.8808987171875 0.64704113125 0.878807184375 0.64228473125 0.8942146781250001 0.6017063046875 0.8207349031250001 0.5723351531249999 0.8110591906250001 0.6205471546875 0.8808987171875 0.64704113125
0 0.8150031140625 0.5647015828125 0.8866428359375 0.5871876140625 0.8877806546875 0.5438648500000001 0.8234214375000001 0.5271331609375001 0.8150031140625 0.5647015828125
0 0.8180331796875 0.47166990468750003 0.8873697453125 0.502421315625 0.9020626640625 0.4791221 0.8391325999999999 0.427831990625 0.8180331796875 0.47166990468750003
0 0.8305880734375 0.9269169749999999 0.94919236875 0.8887686718750001 0.8655861249999999 0.8552729234375 0.8087066999999999 0.8987608874999999 0.8305880734375 0.9269169749999999
0 0.8601456765625001 0.8564036968750001 0.9386948515625001 0.8540936046875001 0.9460275499999999 0.8032539171874999 0.8749306390625 0.7874035171875 0.8601456765625001 0.8564036968750001
0 0.8786629421875001 0.744579721875 0.9417249140624999 0.7610619296875 0.9550807328124999 0.7266201624999999 0.8834410109374999 0.7041341296875 0.8786629421875001 0.744579721875
0 0.9581107937500001 0.633588490625 0.9041295265624999 0.6188526828125 0.8899794203125 0.648787528125 0.942954778125 0.6720382015624999 0.9361772281249999 0.6620264265625 0.9411147234374999 0.66515308125 0.9581107937500001 0.633588490625
0 0.77307756875 0.3019201921875 0.876513515625 0.3697086875 0.8958127375 0.3298787171875 0.7868964843749999 0.25232793125 0.77307756875 0.3019201921875
0 0.778953596875 0.2072587703125 0.8879097046875 0.2957026171875 0.9051572562500001 0.2620093078125 0.793315325 0.1643021453125 0.778953596875 0.2072587703125
0 0.9299889796875 0.17534759687499998 0.81191689375 0.0812998046875 0.802737378125 0.0795344046875 0.7911042203124999 0.12686655625 0.9088497 0.20829245468750002 0.9299889796875 0.17534759687499998
0 0.8357770468749999 0.927914915625 0.8379881515625 0.9653505046875 0.9274580875 0.9716719218750001 0.9661721999999999 0.9791174 0.97157078125 0.933419265625 0.9309389140625 0.9309768421875001 0.8357770468749999 0.927914915625
0 1 0.6882129296875 0.9642534843749999 0.6826655953125 0.9612756140625001 0.71910324375 0.9957765421874999 0.7285213078125 1 0.6927704171875 1 0.6882129296875
0 1 0.6127599 0.9676147390625 0.609291334375 0.9661855890625001 0.643849746875 1 0.65035291875 1 0.6127599
0 0.90346714375 0.5795378625 0.9455217453125 0.5941570203125 0.9541915421875 0.5544598828125 0.9059420593749999 0.5473576437500001 0.90346714375 0.5795378625
0 0.903832375 0.40811690624999997 0.9624495968750001 0.44420661250000004 0.9807308234375001 0.42421211249999996 0.9129012546874999 0.3785139046875 0.903832375 0.40811690624999997
0 0.9033706453124999 0.32443578125 0.96936583125 0.37892410781249997 0.9882505546875 0.35382114531250003 0.9147743515625001 0.2952818203125 0.9033706453124999 0.32443578125
0 0.8962300921875 0.24338858281250003 0.9748524749999999 0.30552988124999997 0.9868835890625001 0.2778027078125 0.914789153125 0.2143046 0.8962300921875 0.24338858281250003
0 0.9246049953125001 0.218804634375 0.9907271421875 0.2654805953125 0.99592855 0.241664459375 0.9307355546875 0.1938610609375 0.9246049953125001 0.218804634375
0 1 0.208474153125 0.9375965671875001 0.1559966625 0.9285276874999999 0.1855996640625 0.996857703125 0.24053701875 1 0.22211633593750002 1 0.208474153125
0 0.94346108125 0.8098788734375001 0.9387428999999999 0.8428309734375 0.962434759375 0.8379067203125 0.9824006015625001 0.8417465406250001 0.9865630546874999 0.806512025 0.9634307046874999 0.8015300046875 0.94346108125 0.8098788734375001
0 0.9917931624999999 0.76224 0.95859621875 0.7586144546875 0.9582508578125 0.7964706796875001 0.987622903125 0.7975405921875 0.9917931624999999 0.76224
0 0.996086153125 0.72590050625 0.963289603125 0.718885684375 0.958909109375 0.7559658734375 0.9921713265625 0.759038903125 0.996086153125 0.72590050625
0 0.8905007859375 0.7062413578125 0.9481125484374999 0.7146124640625 0.95025320625 0.6825190328125 0.89342366875 0.6675264640624999 0.8905007859375 0.7062413578125
0 1 0.5679373187500001 0.9628757546875001 0.56169801875 0.96057865625 0.5951157375 1 0.6047138734375 1 0.5679373187500001
0 0.9018204031250001 0.449731759375 0.9006756859375 0.44544846875 0.9110678468750001 0.42035948437500004 0.8358083562499999 0.393696196875 0.8302583531250001 0.41971642343750004 0.9018204031250001 0.449731759375
0 0.7442023046874999 0.351699721875 0.8109469890625001 0.3875604890625 0.8182674875 0.3605263875 0.760037615625 0.31546814218749997 0.7442023046874999 0.351699721875
0 0.054266671875000005 0.880881975 0.0202015796875 0.8679422578124999 0.0210788203125 0.9056320984375 0.042673170312499994 0.9086594218749999 0.054266671875000005 0.880881975
0 0.07672358124999999 0.8033633265625 0.018467584375000002 0.7934427015625001 0.0193859015625 0.8328973421875 0.0619290875 0.8441647546875 0.07672358124999999 0.8033633265625
0 0.17829811874999998 0.77379556875 0.1774526890625 0.8090959124999999 0.224226225 0.8071797046875 0.251859190625 0.8124940609375001 0.26665368906250003 0.7716926359375 0.22601697812500002 0.7638774046875 0.17829811874999998 0.77379556875
0 0.18879648437500002 0.713072484375 0.18984167968750001 0.732368928125 0.234674646875 0.7328074234375 0.2580614140625 0.7318493203124999 0.267664403125 0.6927773875 0.223461646875 0.687004253125 0.18879648437500002 0.713072484375
0 0.196624175 0.632740353125 0.1928429109375 0.6647481671875 0.2408768703125 0.6521626828125 0.2701353046875 0.65778965 0.27391656875 0.62578184375 0.23196949375 0.6149866890625 0.196624175 0.632740353125
0 0.20188108749999997 0.5600975703125 0.1968394015625 0.602774646875 0.23963190625 0.5782694625 0.2740818515625 0.582166940625 0.2807490015625 0.5398024718750001 0.245618909375 0.527590428125 0.20188108749999997 0.5600975703125
0 0.209257096875 0.4998143984375 0.2086777015625 0.5354667281250001 0.243542134375 0.50938839375 0.27673983281250003 0.5127926453125 0.28267409374999997 0.485620946875 0.238821228125 0.48016749843750006 0.209257096875 0.4998143984375
0 0.21146750625 0.47341668593749997 0.21212029999999998 0.506325675 0.2483890546875 0.4760469515625 0.2820758609375 0.4676240171875 0.2802181546875 0.44491439218749995 0.2402885546875 0.4446859359375 0.21146750625 0.47341668593749997
0 0.22806537656249998 0.40210095625 0.2283739125 0.437924046875 0.2554191 0.408851765625 0.28154063125 0.41834591874999993 0.28996655625 0.39314356875 0.2594053703125 0.3827955828125 0.22806537656249998 0.40210095625
0 0.237904065625 0.3265049859375 0.2336553796875 0.3778433578125 0.2574931 0.34517390625 0.295674125 0.3525168609375 0.3021247734375 0.320974003125 0.2676403234375 0.30540103125 0.237904065625 0.3265049859375
0 0.25361400624999997 0.2550184921875 0.247562178125 0.2985592984375 0.27145446406249996 0.2808019046875 0.30273145156250003 0.2927777078125 0.309897903125 0.2628626703125 0.2700858671875 0.24626509843750002 0.25361400624999997 0.2550184921875
0 0.26843601875 0.1833612234375 0.259548265625 0.2278467875 0.2790554609375 0.22414762187499998 0.312108309375 0.2364649546875 0.31818741875 0.20038016875000003 0.28493515937499997 0.1820638640625 0.26843601875 0.1833612234375
0 0.1864158859375 0.9391582515625 0.24823496562499997 0.9450133140625001 0.24737227812499998 0.90562669375 0.19309252500000001 0.8982046140625 0.1864158859375 0.9391582515625