0 0 0.5664006140625 0.2362138296875 0.454035803125 0.1356966875 0.37279202499999997 0 0.4357744109375 0 0.5664006140625
0 0 0.6763288734375 0.2503835296875 0.5732761171874999 0.2324060109375 0.5127292531250001 0.009067687500000001 0.59520964375 0 0.5933619859375 0 0.6763288734375
0 0 0.7698678015625 0.00735810625 0.773915721875 0.275887475 0.6495775125 0.2530813703125 0.5893395765625 0.013239962499999999 0.6956063 0 0.6896655890625001 0 0.7698678015625
0 0 0.8538108796874999 0.0112468359375 0.8580944640625001 0.2919043796875 0.7362275140625 0.2713991484375 0.6693479499999999 0.009942525 0.7834920125 0 0.7803917453125 0 0.8538108796874999
0 0 0.9288784812499999 0.036864196875 0.940883025 0.288323390625 0.8078953078125 0.27758875 0.7468850546875 0.0236585546875 0.8767836484375 0 0.8677728140625 0 0.9288784812499999
0 0.8073804140625 0.359043421875 0.5553541296875 0.459595290625 0.6052845453125 0.5505699749999999 0.8694957140625 0.45573295312499995 0.8073804140625 0.359043421875
0 0.651893321875 0.5898017656250001 0.55924285625 0.54377403125 0.5337631140625 0.6071012390625 0.645898046875 0.6616240234374999 0.8857961609375 0.5586008796875 0.869892678125 0.47843804843750004 0.651893321875 0.5898017656250001
0 0.648822721875 0.6906618203125 0.5706580140625 0.6437072984375 0.552137596875 0.690353190625 0.635471146875 0.756460296875 0.9093961953124999 0.6642490015625 0.87400824375 0.5755911203124999 0.648822721875 0.6906618203125
0 0.9342763406250001 0.7048709703125 0.908942521875 0.638300325 0.6382256953125001 0.7757673375 0.5431042265625 0.726650478125 0.54810294375 0.736072303125 0.5369955328125 0.7919855625000001 0.6490170484375 0.840021178125 0.9342763406250001 0.7048709703125
0 0.6612586375 0.8489796171874999 0.55682025625 0.8199421171875001 0.550484725 0.8723028562499999 0.66969240625 0.9166315015625001 0.930411809375 0.7603208343750001 0.92237500625 0.7153740390625 0.6612586375 0.8489796171874999
0 0.5983731375 0.97834536875 0.7283861968750001 0.9700272890624999 0.9223424937500001 0.8517590578125 0.9069493921875 0.8007884890625 0.6748045390625 0.932540496875 0.5633501140625 0.9169407312500001 0.5545435796875 0.9662123499999999 0.5983731375 0.97834536875
0 0.9230638265625 0.47828342968750004 0.9909251250000001 0.43359512499999997 0.9898550734375 0.37239155 0.912442596875 0.42376034999999995 0.9230638265625 0.47828342968750004
0 0.950811934375 0.5446996109375 0.99061741875 0.5084306484375001 0.9914248078125001 0.462175434375 0.9911420375000001 0.4460018359375 0.9901536375 0.44476619062499995 0.9164447453125 0.5144262546875 0.950811934375 0.5446996109375
0 0.9865794640625 0.7397649734375 0.9877231171874999 0.6742451390624999 0.9437066734374999 0.6912787781249999 0.9462343859375 0.6976114812499999 0.9616841968750001 0.7518256421875 0.9865794640625 0.7397649734375
0 0.9863769203125001 0.751368721875 0.9451244015625001 0.7723683890624999 0.9581032125 0.8234934296875001 0.9853881671875 0.8080142765625 0.9863769203125001 0.751368721875
0 0.1906077078125 0.9939459921875 0.276219421875 0.9450526453125001 0.2655981921875 0.8905295546875 0.057618529687499996 0.99781558125 0.1906077078125 0.9939459921875
0 0.4120035203125 0.41681128906250003 0.26833685625000003 0.4941943765625 0.274583165625 0.574975065625 0.4373373375 0.48338192968750004 0.4120035203125 0.41681128906250003
0 0.28817746718750004 0.9377931546875 0.21082524062500002 0.993357721875 0.3136541265625 0.9903657062500001 0.28817746718750004 0.9377931546875
0 0.43630825937499995 0.701011028125 0.312296190625 0.796619915625 0.3136005 0.87122236875 0.471639503125 0.786425321875 0.43630825937499995 0.701011028125
0 0.4681719390625 0.8645802796875 0.30737838906250003 0.9300702812500001 0.3178861953125 0.978106196875 0.47385115781250003 0.9129251234375 0.4681719390625 0.8645802796875
0 0.456619165625 0.6185312390625 0.7001874890625001 0.31069887343749997 0.6487501234375 0.2717760109375 0.490881246875 0.3663038078125 0.435376715625 0.5094850656250001 0.456619165625 0.6185312390625