0 1 0.5359947375 0.9877266796875 0.450810375 0.7973630203125001 0.48831820625000005 0.7764985046875 0.63504046875 1 0.5862548515625 1 0.5359947375
0 0.5125982203125 0.4666864765625 0.50273175625 0.5103534703125 0.760299784375 0.564096459375 0.7498755421875 0.5282161921874999 0.5125982203125 0.4666864765625
0 0.5010240609375 0.7398891078125 0.4855179828125 0.8308028343749999 0.7791593953125 0.8568308328124999 0.7607066609375 0.7798160515625 0.5010240609375 0.7398891078125
0 0.244299571875 0.7118315234375 0.162990434375 0.8167271046875 0.4653667203125 0.858476378125 0.474252496875 0.738025325 0.244299571875 0.7118315234375
0 0.2310589609375 0.652756878125 0.49863289375 0.68271969375 0.50695173125 0.6075686890625 0.23881314531250003 0.5916941 0.2310589609375 0.652756878125
0 0.5524915734375 0.22683162656250003 0.5303651859375 0.28820803437500003 0.7221347406249999 0.293509215625 0.7053713734375 0.236653425 0.5524915734375 0.22683162656250003
0 0.5399229796875 0.6105211749999999 0.48693533125000005 0.7175527109375001 0.77592698125 0.7427641734375 0.7726922796875 0.6599093515625001 0.5399229796875 0.6105211749999999
0 0.9683983375 0.785075784375 0.779163975 0.794407175 0.7578788359375 0.912680815625 0.9575858500000001 0.9035569421874999 0.965314603125 0.853059284375 0.9683983375 0.785075784375
0 0.0144485546875 0.620768796875 0.21654044374999998 0.726819178125 0.2269761359375 0.6066403015625 0.012185965625 0.5235587374999999 0.0144485546875 0.620768796875
0 0.28869636875000004 0.5465418765625001 0.039447178124999996 0.417647884375 0.0124999453125 0.44396911718750004 0.01061946875 0.456255665625 0.0119063375 0.5115447921875 0.013372828125 0.5152181812500001 0.2448710921875 0.6041078171875001 0.2898233796875 0.549577259375 0.28869636875000004 0.5465418765625001
0 0.3278902125 0.2384647734375 0.5007703765625 0.3567853578125 0.5179658171875 0.286030628125 0.3519894328125 0.1745973359375 0.3278902125 0.2384647734375
0 0.3116777484375 0.3547917375 0.253055065625 0.44664634843749995 0.4968178328125 0.45540291093749996 0.4958371421875 0.378618859375 0.3116777484375 0.3547917375
0 0.56685231875 0.38257714531250003 0.53035373125 0.4442671765625 0.792009165625 0.481703084375 0.7563655687499999 0.4130193828125 0.56685231875 0.38257714531250003
0 0.48638901093750003 0.481946303125 0.296592290625 0.4741540859375 0.25896898749999997 0.5015969015625 0.2919356546875 0.5669730421875 0.5285088859375 0.622704165625 0.5387959734375001 0.6074857875 0.49751734374999995 0.5236251625 0.48638901093750003 0.481946303125
0 0.17416687656250002 0.2029575671875 0.2045960625 0.28491296093749996 0.295755625 0.354833190625 0.33662050625 0.3166097140625 0.1830457765625 0.1761419984375 0.17416687656250002 0.2029575671875
0 0.70479985 0.3443771375 0.690141890625 0.3985526171875 0.9302424578125 0.3896412265625 0.8757163421874999 0.3403414359375 0.70479985 0.3443771375
0 0.5047160453124999 0.3518032921875 0.5252856375 0.3837902 0.66421615 0.391162415625 0.697333715625 0.3203662296875 0.5276859703125 0.3161122984375 0.5047160453124999 0.3518032921875
0 0.9894045890625 0.6270285078125 0.7870644796875 0.659595728125 0.7819826390625 0.7863897203125 0.9857979609375 0.7192263734375001 0.9897096875000001 0.6936681796874999 0.9894045890625 0.6270285078125