0 0.8481383953125 0.5151370625 0.7919692984375 0.5541875828125 0.8467344984375 0.59964946875 0.9365240171875 0.55749245625 0.8481383953125 0.5151370625
0 0.9865657734375001 0.44967454062499995 0.8911482749999999 0.4316175390625 0.791740065625 0.47788812031249994 0.79269375625 0.5062858765625 0.8765851703124999 0.471660946875 0.9666489421875 0.49451238281250004 0.9865657734375001 0.44967454062499995
0 0.70807375 0.45605797187499997 0.6009050734375 0.4417741046875 0.5964600171875001 0.4862573109375 0.705216809375 0.5036192515625 0.70807375 0.45605797187499997
0 0.7381986796875 0.3930779 0.6342512375 0.3736591703125 0.623408725 0.41712108593749997 0.7273561671875 0.436539809375 0.7381986796875 0.3930779
0 0.7661460984375 0.3410484109375 0.6637867671875 0.3247077578125 0.6540330078125 0.3626943796875 0.7456848890625001 0.38862389531249997 0.7661460984375 0.3410484109375
0 0.5116557984375001 0.34843892187500003 0.42953257499999997 0.34097786874999997 0.4262212953125 0.3686947640625 0.5040345281249999 0.386765971875 0.5116557984375001 0.34843892187500003
0 0.6308007640625 0.302494565625 0.5400125359375 0.32754483749999996 0.5318468875 0.368609534375 0.6172363703125 0.3596447125 0.6308007640625 0.302494565625
0 0.5289407890625 0.29470728749999997 0.423859575 0.29205486875000003 0.41945953906250005 0.32524705468750004 0.520230765625 0.338509628125 0.5289407890625 0.29470728749999997
0 0.583607678125 0.097242103125 0.46092220156249997 0.09460389062499999 0.4505790453125 0.146619175 0.5705426421875 0.16294561875 0.583607678125 0.097242103125
0 0.426258046875 0.09189465 0.293499534375 0.073525621875 0.289553840625 0.126562196875 0.41913613125 0.138775075 0.426258046875 0.09189465
0 0.26514280156250003 0.0944197078125 0.14313675937499998 0.055170803125 0.125761728125 0.1314844734375 0.2536658703125 0.16320130156249998 0.26514280156250003 0.0944197078125
0 0.8286593625 0.0488010953125 0.7050201890625 0.017765125 0.687190825 0.0742344140625 0.8113293515625 0.11382375 0.8286593625 0.0488010953125
0 0.358845396875 0.40878078437500004 0.262204084375 0.430072115625 0.27522823750000003 0.5084141671875 0.37781266874999997 0.4682997390625 0.358845396875 0.40878078437500004
0 0.0134768296875 0.46380360156249995 0.10272196874999999 0.4243842390625 0.08588718125 0.36520571562500004 0.010010860937500001 0.388291065625 0.00288036875 0.4241500171875 0.0134768296875 0.46380360156249995
0 0.7036204296874999 0.2350320796875 0.596996125 0.21801056718749998 0.5808449109375 0.2549759 0.6911447875000001 0.286706934375 0.7036204296874999 0.2350320796875
0 0.76732075625 0.1802365375 0.8535288718749999 0.23354251874999998 0.960013978125 0.151682528125 0.9601040171875 0.1291004984375 0.8563366609375 0.0645177078125 0.76732075625 0.1802365375
0 0.9983783390625 0.2438191296875 0.9991395078125 0.11298519843749999 0.9948582109374999 0.10922770468750001 0.8786193453125 0.2290743140625 0.97771241875 0.2618408375 0.9983783390625 0.2438191296875
0 0.998072071875 0.296461971875 0.9177326890625 0.3200548890625 0.918051965625 0.3737723234375 0.9977736203124999 0.3477612953125 0.998072071875 0.296461971875
0 0.9232214734375 0.281387409375 0.820317765625 0.26778440468750003 0.8041215328125 0.31604075 0.911834584375 0.327586971875 0.9232214734375 0.281387409375
0 0.55321263125 0.2279682734375 0.44658833124999997 0.21094676406250001 0.4314358234375 0.2650188328125 0.5439132109375 0.285799278125 0.55321263125 0.2279682734375
0 0.3922816 0.3180838140625 0.2904666453125 0.299005515625 0.27635787500000003 0.3588933109375 0.3749966125 0.37181545312500003 0.3922816 0.3180838140625
0 0.6557520421875 0.19914485937499998 0.749491390625 0.23670582499999998 0.7484026390625 0.242181115625 0.7683194671875 0.1973432796875 0.69114065625 0.1539523859375 0.6557520421875 0.19914485937499998
0 0.13334211406250002 0.237202984375 0.1553914296875 0.192705578125 0.10407257031249999 0.085653753125 0.0671428234375 0.1009768609375 0.042443840625 0.225186996875 0.13334211406250002 0.237202984375
0 0.127583209375 0.3436165625 0.165063421875 0.4428100828125 0.27032471406249997 0.40029843906250007 0.2552581171875 0.29903392812499996 0.127583209375 0.3436165625
0 0.2434210265625 0.4581436484375 0.14192535 0.4927827859375 0.169512603125 0.531081428125 0.251770890625 0.5046694359375 0.2434210265625 0.4581436484375
0 0.7675499890624999 0.256536003125 0.676172365625 0.2956149359375 0.6994946515625 0.333232721875 0.76741493125 0.2904090546875 0.7675499890624999 0.256536003125
0 0.6356018406249999 0.034928684375000005 0.5150488515625 0.032630903125 0.5073375359375001 0.0935399828125 0.6231262 0.08660353750000001 0.6356018406249999 0.034928684375000005