0 0.111699003125 0.7252164453125001 0.06380267187500001 0.744898971875 0.08840162968750001 0.8532698 0.212876875 0.8249209609375001 0.111699003125 0.7252164453125001
0 0.2048178921875 0.8692713234375 0.0955782296875 0.8848863484375 0.1097991921875 0.94753686875 0.2118550828125 0.9268917906249999 0.2048178921875 0.8692713234375
0 0.28065291718749996 1 0.26952624531249997 0.968017703125 0.1486667796875 0.9945504890624999 0.14848766093750002 1 0.28065291718749996 1
0 0.43474812343749997 0.808634059375 0.3485763625 0.8548932828125 0.40412511406249996 0.9487777609375 0.505224153125 0.8972991875 0.43474812343749997 0.808634059375
0 0.5315207078124999 0.782458715625 0.5929215796875 0.8755066765624999 0.6559409921875 0.789358525 0.578678303125 0.7417762875 0.5315207078124999 0.782458715625
0 0.23146627656250002 0.43656385000000003 0.1664145171875 0.44277692812499997 0.16955029375 0.500955075 0.24494953281249998 0.48709169843750005 0.23146627656250002 0.43656385000000003
0 0.305505934375 0.4876923921875 0.2523273203125 0.5107218921875 0.253427940625 0.5599341484375 0.320855446875 0.528696678125 0.305505934375 0.4876923921875
0 0.162000803125 0.529804615625 0.0794771171875 0.547771984375 0.0969462359375 0.6069868781250001 0.17039476250000002 0.5934023421875 0.162000803125 0.529804615625
0 0.4406987390625 0.46219635312499996 0.3893863875 0.47570228437499995 0.4035480296875 0.5292187671875 0.46334160156250004 0.517586103125 0.4406987390625 0.46219635312499996
0 0.30439969843750003 0.5804184984375 0.251136634375 0.5942032703125 0.2600400875 0.6423001671875 0.3236506265625 0.6208651015625 0.30439969843750003 0.5804184984375
0 0.2705564625 0.6531393234375 0.2114412765625 0.6677606140625 0.21398311250000002 0.7321948593750001 0.2991358921875 0.7169372859375 0.2705564625 0.6531393234375
0 0.4409570515625 0.5548992890625 0.386155271875 0.5722042218750001 0.39721787656249996 0.6164013781250001 0.45436264531250004 0.6003401046875 0.4409570515625 0.5548992890625
0 0.239802615625 0.558395778125 0.1774087984375 0.5467931375 0.172460728125 0.588543203125 0.241232609375 0.60554841875 0.239802615625 0.558395778125
0 0.378079384375 0.709115475 0.3171601953125 0.7130877296875 0.32054291562500004 0.7552255359375 0.38645193906249997 0.750540021875 0.378079384375 0.709115475
0 0.3832097359375 1 0.40015420468749996 0.9743166390625 0.36153878281249996 0.9403722265625 0.3040887203125 0.995941346875 0.30599063593750003 1 0.3832097359375 1
0 0.5746702546875 0.8988566375 0.50364035625 0.9263741062499999 0.521731928125 0.974302225 0.5883365 0.9363673562500001 0.5746702546875 0.8988566375
0 0.5200038328125001 0.7851210562500001 0.46064568125000005 0.8141272640624999 0.5131433578125 0.9092300375000001 0.5940233265625 0.8660974625 0.5200038328125001 0.7851210562500001
0 0.508680578125 0.748853996875 0.448759353125 0.7526836 0.44736825312499995 0.8191823156250001 0.5055109890625 0.802978384375 0.508680578125 0.748853996875
0 0.3395028515625 0.7888224203124999 0.2896045015625 0.79595503125 0.277800271875 0.8528922515625 0.33728803125 0.8380746328124999 0.3395028515625 0.7888224203124999
0 0.3726647078125 0.4809970734375 0.3238507328125 0.4974460921875 0.3329174015625 0.54192855625 0.3946617484375 0.5188955296875 0.3726647078125 0.4809970734375
0 0.3704484515625 0.5665565546875 0.322893090625 0.5749328234375 0.3133022453125 0.6189251078125 0.38142465312499996 0.6012946546875 0.3704484515625 0.5665565546875
0 0.4470730203125 0.6045392359374999 0.4002981796875 0.6254324796875 0.40394155468750004 0.6596401890625 0.462735203125 0.64176465 0.4470730203125 0.6045392359374999
0 0.1645633984375 0.5991434812499999 0.0927529765625 0.6141439703125 0.0934456546875 0.6535091609375 0.17658076875 0.6384684593750001 0.1645633984375 0.5991434812499999
0 0.7635034640625 0.85923574375 0.8226873687499999 0.8476186921875 0.7998234078124999 0.7877442078125 0.721679565625 0.7657643703125 0.66175690625 0.8059012484375 0.7635034640625 0.85923574375
0 0.7547377734375 0.8841672562499999 0.6801955390625001 0.85535833125 0.6789786890625 0.904467884375 0.77890355625 0.940698528125 0.8630798390625 0.9302447 0.81557055625 0.8707359484375001 0.7547377734375 0.8841672562499999
0 0.824383759375 0.7416121328124999 0.7759600421874999 0.7643196375 0.83457656875 0.8364478109375 0.9206191796875001 0.8115200874999999 0.824383759375 0.7416121328124999
0 1 0.7600018609375 0.9072999875000001 0.7755383359375 0.9972437484375 0.8495027703125 1 0.849235715625 1 0.7600018609375
0 0.31170375625 0.44393252812500006 0.3350890203125 0.48794681406249996 0.4159689859375 0.44481424687500004 0.373622346875 0.4035103453125 0.31170375625 0.44393252812500006
0 0.6370237453125001 0.833115203125 0.597666696875 0.900305165625 0.6197069390625 0.942933153125 0.6706061296875 0.8630433390625001 0.6370237453125001 0.833115203125
0 0.4822164421875 0.6595013328125 0.4379142 0.6958268125 0.485815178125 0.72528678125 0.5361916265625 0.6975644437499999 0.4822164421875 0.6595013328125
0 0.9372389984374999 0.77125876875 0.9987658921874999 0.760885375 0.9921718203125 0.7318351515625 0.9251366609374999 0.686167459375 0.8696407687500001 0.700414471875 0.9372389984374999 0.77125876875
0 0.23060203124999998 0.6086465484375 0.1807468796875 0.6205086890625 0.176189071875 0.66851724375 0.24396442187499998 0.6493578328125 0.23060203124999998 0.6086465484375
0 0.19718958125 0.6702510765625 0.106460990625 0.6926914875 0.1112319375 0.7409451265625 0.207991534375 0.7223783328125 0.19718958125 0.6702510765625
0 0.23277652031249998 0.48205026875 0.178408203125 0.5103432109375 0.1883864375 0.5452239640625 0.24670342031249998 0.5116308828125 0.23277652031249998 0.48205026875
0 0.2918985453125 0.9376982546875 0.277057209375 0.990333903125 0.36544424375 0.9303425640625 0.3356391546875 0.8398888921875001 0.27359095624999996 0.8661224875 0.2918985453125 0.9376982546875
0 0.110985659375 0.38580248125 0.07058744375 0.4484055734375 0.1437846484375 0.4758281953125 0.15884343437499998 0.4105329203125 0.110985659375 0.38580248125
0 0.1652186234375 0.48855004687500003 0.0967059546875 0.49992200468750003 0.10507851406249999 0.54134655 0.174242090625 0.52830298125 0.1652186234375 0.48855004687500003
0 0.4537074234375 0.7109335390625 0.3989502828125 0.696660725 0.39512979062500003 0.752456721875 0.4492360171875 0.7684011484375 0.4537074234375 0.7109335390625
0 0.425284809375 0.7718248 0.35377824687500004 0.783624721875 0.358982653125 0.8428663796875 0.4294048484375 0.8217500546875 0.425284809375 0.7718248