0 0.53925553125 0.3745314703125 0.0238856546875 0.512834584375 0.026147265625 0.5613922812500001 0.1022303703125 0.8203787374999999 0.6180517562500001 0.67685353125 0.57924355625 0.590217515625 0.53925553125 0.3745314703125
0 1 0.3981663078125 0.964910503125 0.278721859375 0.5759261875 0.36295759375 0.6309655671875001 0.561678040625 0.6873013 0.685244253125 1 0.606005225 1 0.3981663078125
0 0.5922156281250001 0.372939896875 0.9700621984375 0.296258196875 0.936380090625 0.18160448906249999 0.5590565421875 0.2714332640625 0.5922156281250001 0.372939896875
0 0.21690061562500002 0.1979411828125 0.1444393125 0.32638496093749997 0.39390808125 0.277604653125 0.40714112656249996 0.15214910937499998 0.21690061562500002 0.1979411828125
0 0.42626483125 0.13767907968749998 0.423372303125 0.264233534375 0.6643771203125 0.2207421234375 0.6315372671875 0.108955446875 0.42626483125 0.13767907968749998
0 0.874118825 0.048097846875 0.6537950484375 0.0937870875 0.7095117328125 0.2038793515625 0.931074425 0.163544040625 0.9111200593750001 0.0956194890625 0.874118825 0.048097846875
0 0.4509878890625 0.74470519375 0.1109306578125 0.837491084375 0.1682046765625 0.9642512125 0.5161068109375 0.8527024703125001 0.4509878890625 0.74470519375
0 0.8577990546875001 0.6404482609375 0.49298842656249997 0.728540753125 0.5192408890625 0.8520041390624999 0.8962685984375 0.771398365625 0.8577990546875001 0.6404482609375
0 1 0.6151808421875 0.9245529843750001 0.6289772218749999 0.9273095671875 0.7406610640625 1 0.7272781515625 1 0.6151808421875
0 1 0.75674304375 0.7226367578125 0.8168926890625 0.751404253125 0.9261837890625 1 0.878269321875 1 0.75674304375
0 0.5080559375 1 0.716610153125 0.9441454734375 0.6887809453125 0.8380482796875001 0.1493864171875 0.9808976546875 0.15499816093750002 1 0.5080559375 1
0 0.6812781390625 1 0.9442986515625 0.9413941687499999 0.9369339359375 0.8984562374999999 0.5871746531250001 0.969583125 0.595091646875 1 0.6812781390625 1
0 0.473403809375 0.0394633296875 0.5291642078125001 0.01539710625 0.4606857203125 0.0134045859375 0.473403809375 0.0394633296875
0 0.56516284375 0.0352636484375 0.46964780156249997 0.06737678281250001 0.48596069999999997 0.100295315625 0.579982615625 0.06309956562499999 0.56516284375 0.0352636484375
0 0.6687672796874999 0.019459140625 0.6168042671875 0.017947171875 0.5802520703125 0.027840009375000002 0.595818409375 0.0582172265625 0.6721303843750001 0.033090545312500004 0.6687672796874999 0.019459140625
0 0.7557600890625 0.021990371875 0.7376244984375 0.02146268125 0.73844436875 0.050806421874999994 0.79105070625 0.05803834375 0.797919984375 0.03620033125 0.7557600890625 0.021990371875