0 0.7026165468750001 0.5798871390625 0.9394461828124999 0.5950762828125 0.9329415640625 0.5117573390625 0.6924142421874999 0.51563210625 0.7026165468750001 0.5798871390625
0 0.6761069156249999 0.45825143749999997 0.8856228421875001 0.4359034125 0.8766242046875 0.37774316093750004 0.6616628765625 0.38511410625 0.6761069156249999 0.45825143749999997
0 0.8248904015624999 0.3677034359375 0.9877510296875001 0.355992425 0.97513989375 0.292136 0.819560559375 0.3029286828125 0.8248904015624999 0.3677034359375
0 0.9447569109374999 0.143330171875 0.7924779828124999 0.165796175 0.7978367140625 0.2181215125 0.95716626875 0.20112661874999999 0.9480183734375001 0.15480629375 0.9447569109374999 0.143330171875
0 0.6314555609375 0.282542321875 0.7509175875 0.2324608921875 0.72913595625 0.1725525546875 0.6011615671875 0.2173187875 0.6314555609375 0.282542321875
0 0.4607171 0.3878784921875 0.6074350546875 0.40023306875 0.6033088828125 0.341553096875 0.44865150781249996 0.339380128125 0.4607171 0.3878784921875
0 0.472638234375 0.49862393593750004 0.624801590625 0.5259555984375 0.6279841171875 0.46649604375 0.48189689375 0.4447394421875 0.472638234375 0.49862393593750004
0 0.2650144875 0.49276587968749996 0.36971466406250003 0.5064906984374999 0.3722664640625 0.456433175 0.26088831562500003 0.43408590625 0.2650144875 0.49276587968749996
0 0.34698939375000004 0.32844283750000003 0.47054869843749997 0.3494907953125 0.47189682812499995 0.2933384921875 0.3446398390625 0.2913544453125 0.34698939375000004 0.32844283750000003
0 1 0.44862828437499996 0.8399362765625 0.44388815625 0.8568165437499999 0.5167656328125 1 0.521819171875 1 0.44862828437499996
0 0.7364637640625 0.6882938359375 0.9640925265625 0.7324686515625001 0.9472122531249999 0.6595911765625 0.72196194375 0.6400553375 0.7364637640625 0.6882938359375
0 0.4912662265625 0.605542415625 0.6482731562499999 0.6448037703125 0.659968046875 0.5906594125 0.4822387015625 0.5598315781250001 0.4912662265625 0.605542415625
0 0.2806910890625 0.5595485734375 0.384100925 0.604526871875 0.3835857625 0.5641312296875001 0.27409979687499997 0.5135778828124999 0.2806910890625 0.5595485734375
0 0.387225665625 0.5699661484375 0.5193551203125 0.5714304734375 0.51766518125 0.5124906390625 0.378255925 0.49935647968749997 0.387225665625 0.5699661484375
0 0.35584357187500004 0.44885016875000006 0.476393703125 0.4546611859375 0.47350009374999996 0.389626578125 0.3517173984375 0.39017019531249997 0.35584357187500004 0.44885016875000006
0 0.1945082265625 0.43805475625 0.2755057078125 0.432526740625 0.2634401125 0.3840283765625 0.1799775109375 0.40226567187500006 0.1945082265625 0.43805475625
0 0.6738440375 0.383814803125 0.7950826765625 0.35532495937499997 0.7672249124999999 0.28984156250000004 0.6502569 0.3147642921875 0.6738440375 0.383814803125
0 0.5113066640625 0.44351252499999994 0.6252221015625 0.46013508593749997 0.6309909234375 0.4006028921875 0.50392446875 0.3894935734375 0.5113066640625 0.44351252499999994
0 0.2553695546875 0.3899726625 0.3341866296875 0.39526723124999996 0.324911178125 0.3483010171875 0.24287578124999998 0.3433497375 0.2553695546875 0.3899726625
0 0.33953777500000004 0.40017709218749997 0.44012623125 0.38259701874999996 0.42199085468749997 0.3406863328125 0.3289245375 0.3519834109375 0.33953777500000004 0.40017709218749997
0 0.1912554109375 0.403662203125 0.238773365625 0.3780413078125 0.2281219578125 0.3462936109375 0.1771333921875 0.365433903125 0.1912554109375 0.403662203125
0 0.4954695046875 0.335589046875 0.60058861875 0.32985715 0.5894580765625 0.27349769375 0.48488170625000004 0.2764313796875 0.4954695046875 0.335589046875
0 0.3556060921875 0.29296089062499997 0.44009021718749997 0.2825792265625 0.42865649375 0.2413238640625 0.34015900781249997 0.24802313437499998 0.3556060921875 0.29296089062499997
0 0.23001090937500002 0.5721684296875 0.273477334375 0.559311125 0.26524920937499996 0.523194475 0.26445417031249996 0.5191688 0.213491053125 0.5273451 0.23001090937500002 0.5721684296875
0 0.1457048984375 0.5058021671875 0.20196827499999997 0.5244637 0.20151458125000002 0.488887946875 0.148999553125 0.47256691875 0.1457048984375 0.5058021671875
0 0.120842415625 0.4742001390625 0.191329590625 0.4872340125 0.189815846875 0.44629069687499995 0.1900935828125 0.4421505921875 0.1249702765625 0.428544584375 0.120842415625 0.4742001390625
0 0.0192463171875 0.47233846249999994 0.06881924687499999 0.4770088765625 0.0576378140625 0.4425773984375 0.017727465625 0.4350631609375 0.0192463171875 0.47233846249999994
0 0.0691733109375 0.43997680156249996 0.1337920359375 0.43993504375 0.131735546875 0.401789934375 0.059872415624999994 0.403974578125 0.0691733109375 0.43997680156249996
0 0.12153783124999999 0.405617990625 0.18189090624999998 0.39506995 0.1752528609375 0.3670046515625 0.1709744875 0.36198036562499997 0.11330970781250001 0.3695013421875 0.12153783124999999 0.405617990625
0 0.52848161875 0.552663471875 0.6447567234375 0.5923270421875 0.6470422124999999 0.531796246875 0.5259078234375 0.5063525875 0.52848161875 0.552663471875
0 0.066296340625 0.4087700109375 0.110292790625 0.3985964875 0.10125690624999999 0.363936153125 0.051909304687500005 0.3691998171875 0.066296340625 0.4087700109375
0 0.0202094296875 0.4959749234375 0.0203069421875 0.4983680671875 0.0247210171875 0.5310383515625 0.0852882140625 0.5437601796875 0.084291771875 0.510982640625 0.0202094296875 0.4959749234375
0 0.0949431765625 0.54273033125 0.1378286921875 0.549117225 0.14031558125000002 0.5173382906249999 0.091523453125 0.51432175 0.0949431765625 0.54273033125
0 0.1495655921875 0.57526849375 0.2256562046875 0.600036115625 0.22464703749999998 0.5727405671875 0.159284165625 0.5468286765625 0.1495655921875 0.57526849375
0 0.1253879546875 0.3641025375 0.1229834890625 0.331404371875 0.058447728125 0.32465730000000004 0.06184200468749999 0.3640298703125 0.1253879546875 0.3641025375
0 0.21460845156250002 0.16139335 0.30392641875000004 0.14775576562499998 0.29006941406250003 0.110869359375 0.1999436875 0.1259632625 0.21460845156250002 0.16139335
0 0.14697280937499999 0.1905302578125 0.202517484375 0.17227415 0.1908060265625 0.1351588890625 0.1358041 0.1506167890625 0.14697280937499999 0.1905302578125
0 0.2284527375 0.20376175000000002 0.3140223578125 0.18778366875000002 0.3028282015625 0.1588341859375 0.21647626562500003 0.16530459687500001 0.2284527375 0.20376175000000002
0 0.030053178125000003 0.1975208578125 0.07916120625 0.17995131250000002 0.067172015625 0.1469761546875 0.018871746875 0.16308938281250002 0.030053178125000003 0.1975208578125
0 0.07799937812499999 0.218439703125 0.0660299984375 0.1896174046875 0.019060428125 0.19732324375000002 0.0259634875 0.22673043750000002 0.07799937812499999 0.218439703125
0 0.076952053125 0.20759014374999998 0.1415834953125 0.2020663875 0.1371037234375 0.1682902375 0.074882834375 0.17492703125 0.076952053125 0.20759014374999998
0 0.14250575625 0.1512721171875 0.21363745625 0.117651821875 0.19791263750000002 0.07685416875 0.127575978125 0.1145001390625 0.14250575625 0.1512721171875
0 0.22730578124999998 0.1203043671875 0.2981215828125 0.107270159375 0.28240948125 0.060990509375 0.21588478125 0.0735670078125 0.22730578124999998 0.1203043671875
0 0.295318815625 0.048707065625000004 0.301653684375 0.0918764609375 0.38320994062499997 0.0722159796875 0.37618456093749997 0.0331510171875 0.3260199828125 0.038501825 0.295318815625 0.048707065625000004
0 0.40729366093749997 0.1066413984375 0.563414065625 0.0762872125 0.5511853046875 0.0310061734375 0.40042877343749994 0.060788221875000006 0.40729366093749997 0.1066413984375
0 0.4645662046875 0.1525984734375 0.5828617890625 0.1303893578125 0.5727658531250001 0.0903614546875 0.5716930796875 0.09047588281249999 0.45476072500000003 0.10294847656249999 0.4645662046875 0.1525984734375
0 0.327173375 0.1822704359375 0.44709720468749997 0.1516666828125 0.43191513593749997 0.1080708140625 0.3211035265625 0.140442934375 0.327173375 0.1822704359375
0 0.3119658625 0.1496385609375 0.40023649843750003 0.12515141406250002 0.392033821875 0.0780707765625 0.30404091875 0.098417815625 0.3119658625 0.1496385609375