0 0.45450250312499996 0.625323746875 0.4646306359375 0.5946321375 0.3268795296875 0.548362378125 0.27439594375 0.5485273187499999 0.2801351296875 0.5994900765625 0.329963509375 0.6018290375 0.45450250312499996 0.625323746875
0 0.4048898515625 0.7966040015625 0.41664519375 0.7455862671875 0.2889369953125 0.7156843609375 0.23169960625 0.7062385 0.22255686406250003 0.778282053125 0.2776743484375 0.787378065625 0.4048898515625 0.7966040015625
0 0.4389361359375 0.73161235625 0.4527900734375 0.692709334375 0.325081878125 0.6628074265625 0.24399025000000002 0.6523670109374999 0.24390503125000002 0.699426465625 0.3053609234375 0.7213368828125 0.4389361359375 0.73161235625
0 0.44167655781250004 0.6820489921874999 0.455551803125 0.6313811046875 0.3151241890625 0.5993801125 0.2647605046875 0.5998949062500001 0.24930065781250002 0.6473591921875 0.30705205 0.6657161609375 0.44167655781250004 0.6820489921874999
0 0.643022084375 0.4475462828125 0.5349283218750001 0.41793923906249997 0.5247362765625 0.48392544062500004 0.622230525 0.5117832499999999 0.643022084375 0.4475462828125
0 0.7792951125 0.4317881203125 0.654242125 0.3993822984375 0.6493391859375001 0.47212555156249997 0.75901755 0.504936196875 0.7792951125 0.4317881203125
0 0.8347747812499999 0.24088142499999998 0.8326548828125 0.24053158125000001 0.6884162359375 0.26380146875 0.6851192015625001 0.3279834546875 0.831456446875 0.316828275 0.8347747812499999 0.24088142499999998
0 0.8566582546875001 0.159172084375 0.7071305046874999 0.1756849234375 0.6985443671875 0.23310986093750002 0.845930909375 0.228012040625 0.8566582546875001 0.159172084375
0 0.6704929328125 0.207885878125 0.57614658125 0.19820013593750002 0.5643912390625 0.249217871875 0.6619280984375 0.253545953125 0.6704929328125 0.207885878125
0 0.697708115625 0.10940385625 0.5905997359375 0.12114876562500002 0.5804289953125 0.1753701015625 0.689121978125 0.1668287953125 0.697708115625 0.10940385625
0 0.5009885609375 0.4241065578125 0.4315031421875 0.4450024609375 0.427178115625 0.49136222343749997 0.5014386453124999 0.468312265625 0.5009885609375 0.4241065578125
0 0.6373468124999999 0.361288934375 0.5578823921875 0.3305223859375 0.5386967390625 0.3861980921875 0.621351665625 0.4116069734375 0.6373468124999999 0.361288934375
0 0.535719284375 0.2739071046875 0.44184431875 0.2966622 0.4417590984375 0.3437216625 0.535612759375 0.3327314296875 0.535719284375 0.2739071046875
0 0.5501511328124999 0.20862059687499998 0.4493811609375 0.2331799078125 0.45088054218750007 0.28344296562500004 0.5421002953125 0.26319177968749996 0.5501511328124999 0.20862059687499998
0 0.5758243265625 0.0834052390625 0.49359818281249995 0.113966928125 0.48501204062500003 0.1713918671875 0.57573910625 0.1304647015625 0.5758243265625 0.0834052390625
0 0.6735343015625 0.28488227187500004 0.570194340625 0.26488603125 0.5568330968749999 0.3244650328125 0.6676033703125 0.3398033015625 0.6735343015625 0.28488227187500004
0 0.8879641109374999 0.143743809375 0.9811120265625 0.229726246875 0.9976147078125001 0.193355521875 0.997829771875 0.1748729265625 0.8965715515625 0.0745540078125 0.7305985734375 0.09717918125 0.733661253125 0.16241070625 0.8879641109374999 0.143743809375
0 0.931906846875 0.4687419421875 0.9505785031249999 0.4041551265625 0.8043477859375001 0.35648597656250003 0.68775310625 0.3372444109375 0.683406771875 0.3953690421875 0.787796034375 0.4214226359375 0.931906846875 0.4687419421875
0 0.4278625546875 0.4061544140625 0.3557432265625 0.41778936250000004 0.348249 0.4577419265625 0.4240728265625 0.4496604265625 0.4278625546875 0.4061544140625
0 0.5276045328125 0.3637728859375 0.432744184375 0.3451760296875 0.4284191609375 0.3915357953125 0.43158835937499995 0.3979429984375 0.5185043984375 0.4122867109375 0.5276045328125 0.3637728859375
0 0.4391891140625 0.299166109375 0.3585688734375 0.3211665359375 0.3553144515625 0.3618187921875 0.43856859375 0.34907932656249996 0.4391891140625 0.299166109375
0 0.46171441093750004 0.1557786890625 0.3917362984375 0.155998615625 0.3842207625 0.2077160421875 0.4616291921875 0.20283814531250002 0.46171441093750004 0.1557786890625
0 0.2777142796875 0.4725804703125 0.23315370156249998 0.4887634203125 0.23891419531250002 0.5279613078125001 0.2909050875 0.5071203875 0.2777142796875 0.4725804703125
0 0.2985697578125 0.37304890468749996 0.25771368125 0.39278530312500004 0.254459259375 0.433437559375 0.29426603125 0.407643809375 0.2985697578125 0.37304890468749996
0 0.273322659375 0.2629669625 0.22612817812500002 0.26988895625 0.22762756093749997 0.320152015625 0.2716528359375 0.3068228234375 0.273322659375 0.2629669625
0 0.1966439578125 0.450375184375 0.1712051203125 0.446177025 0.1573511796875 0.4850800484375 0.192340234375 0.4849700875 0.1966439578125 0.450375184375
0 0.71905628125 0.030548268750000003 0.603446984375 0.052658653124999996 0.5980513562499999 0.10472592968750001 0.7099348421875 0.0908269578125 0.71905628125 0.030548268750000003
0 0.484711096875 0.044832106249999996 0.41843748593749996 0.04860548125 0.41250655625 0.10352651093750001 0.475075659375 0.09619968906250001 0.484711096875 0.044832106249999996
0 0.5913054765625 0.0241760921875 0.49738790625 0.0704609140625 0.4983732890625 0.11181286406249999 0.5869804515625 0.070535853125 0.5913054765625 0.0241760921875
0 0.21058311562499998 0.364412703125 0.17293885312499999 0.3670265734375 0.17233963593749999 0.4051749203125 0.21370970625000002 0.3943496375 0.21058311562499998 0.364412703125
0 0.3719727296875 0.2380578046875 0.3236863421875 0.26245216875 0.32891153281249996 0.3045038109375 0.36976760625 0.284767415625 0.3719727296875 0.2380578046875
0 0.3492983 0.46379927812500005 0.301118434375 0.429369321875 0.2920183 0.4778831515625 0.335979665625 0.4998485515625 0.3492983 0.46379927812500005
0 0.1983803703125 0.6624926015625 0.158658815625 0.6412268953125 0.1495586796875 0.6897407249999999 0.18983684218750002 0.6963878109375 0.1983803703125 0.6624926015625
0 0.22135575156249998 0.5633108874999999 0.1800069828125 0.56237130625 0.1762385609375 0.59411245625 0.22660224687500002 0.59359766875 0.22135575156249998 0.5633108874999999
0 0.15313267656250001 0.47261549062499997 0.1181223140625 0.4844903203125 0.11805839843749999 0.5197849171875 0.15411806249999999 0.513967440625 0.15313267656250001 0.47261549062499997
0 0.499057921875 0.57695355 0.5706251875 0.535300221875 0.4295169078125 0.4796533703125 0.3534437328125 0.48961022656250003 0.3503209328125 0.5341172281250001 0.499057921875 0.57695355
0 0.2455757671875 0.38596939375 0.2136484171875 0.3949061578125 0.2166677296875 0.42381587343750005 0.246382459375 0.41167281562499997 0.2455757671875 0.38596939375
0 0.19400491250000002 0.49962786406250004 0.154764178125 0.4950460828125 0.154709315625 0.5253425625 0.1915582609375 0.5314237265624999 0.19400491250000002 0.49962786406250004
0 0.244271571875 0.6693198984375 0.2501748765625 0.6293053750000001 0.205850278125 0.6349343234375 0.20035510781250002 0.6642296875 0.244271571875 0.6693198984375
0 0.28783526406250004 0.1865580765625 0.275832825 0.1461252328125 0.238579428125 0.1663444671875 0.241545978125 0.16793266874999999 0.2494063828125 0.199991534375 0.28783526406250004 0.1865580765625
0 0.3954534265625 0.117526396875 0.3977079234375 0.0750518421875 0.3335079671875 0.108402196875 0.3322767953125 0.13236889999999998 0.3954534265625 0.117526396875
0 0.44710100468749997 0.238110140625 0.44676486718749997 0.2050957359375 0.3913124 0.21791706562500002 0.388482096875 0.2504089109375 0.44710100468749997 0.238110140625
0 0.4735081421875 0 0.4259333859375 0.0115947515625 0.42290319218750005 0.04515224375 0.48331316874999997 0.0276559 0.482445196875 0 0.4735081421875 0