0 1 0.0755491703125 0.8547615796875 0.085718875 0.8206546421875001 0.156683496875 0.9660439359374999 0.2220845796875 1 0.2191715359375 1 0.0755491703125
0 1 0.2320290640625 0.9702628859375 0.231272759375 0.8316583281250001 0.172796675 0.811539759375 0.22711952968750002 0.9540303937499999 0.3058353625 1 0.2995407015625 1 0.2320290640625
0 1 0.3240797109375 0.9260536531250001 0.3391189078125 0.8035095406250001 0.244960625 0.7751138953125001 0.3087359515625 0.904109865625 0.42087080625000006 1 0.385051696875 1 0.3240797109375
0 1 0.4349957921875 0.8654510984374999 0.49369882968749995 0.7434867140625 0.3968776015625 0.7287465656250001 0.45506272656249996 0.8507969703124999 0.5324437546875 0.9884253328125 0.4906560953125 1 0.43748882499999997 1 0.4349957921875
0 0.11768901093749999 0 0.11105525624999998 0.016626504687499998 0.1787305484375 0.12475694374999999 0.44394856406249994 0.1920414203125 0.461426546875 0.09271270937500001 0.27002523749999996 0.029168359375 0.2402393703125 0 0.11768901093749999 0
0 0.1899810890625 0.14925875 0.10235927656249999 0.056570757812500004 0.06592219375 0.20489641249999999 0.11398384531250001 0.3174177171875 0.4008127703125 0.3140018703125 0.40760872499999995 0.2542176375 0.40794160156250003 0.24316605937500002 0.38825315625 0.2002878984375 0.1899810890625 0.14925875
0 0.09162115625 0.429661396875 0.36024275625 0.43369914375 0.36993736875 0.360600165625 0.0866728625 0.3285981109375 0.09162115625 0.429661396875
0 0.0589953390625 0.55095778125 0.32604979375 0.5241039703125 0.333758359375 0.4506052109375 0.067455684375 0.43591566562499995 0.0589953390625 0.55095778125
0 0.4333525625 0.21214569375 0.41587457812500006 0.3114743984375 0.5833684890625 0.32295240937499997 0.594716271875 0.2613047828125 0.58752385625 0.218162321875 0.4333525625 0.21214569375
0 0.3594909765625 0.4752425015625 0.5144028328125 0.5064250078125 0.5244303265625 0.42227444687500004 0.3850739859375 0.4053417265625 0.3594909765625 0.4752425015625
0 0.017763984375 0.6105085296875 0.02102186875 0.722474771875 0.25534494375 0.7155654171875 0.255109309375 0.6404675609375 0.2487434765625 0.6030507796875 0.017763984375 0.6105085296875
0 0.485075871875 0.20309965624999998 0.6159082796875001 0.2210962328125 0.6370254828124999 0.13361865312500001 0.500234925 0.1144227515625 0.485075871875 0.20309965624999998
0 0.6346093125000001 0.23041989375 0.735232078125 0.27291160625 0.755436665625 0.19914855468749998 0.6550607546875 0.1650454640625 0.6346093125000001 0.23041989375
0 0.5961113734375 0.3310767375 0.7064175328125 0.36717870625 0.7198373874999999 0.2864906546875 0.6143299171875001 0.2569139109375 0.5961113734375 0.3310767375
0 0.5386543296874999 0.48073053750000005 0.6413491671875 0.5041818265625 0.6609740296875 0.433081728125 0.54834894375 0.40763155937500006 0.5386543296874999 0.48073053750000005
0 0.288464465625 0.6110462953125 0.42715505 0.6500821718750001 0.4462001765625 0.5816450171875001 0.3037843515625 0.5501982125 0.288464465625 0.6110462953125
0 0.6878548906249999 0.519102346875 0.6688097671875 0.5875394968750001 0.774638896875 0.67277389375 0.9317200734375 0.598766540625 0.9299060734375001 0.559486359375 0.79616378125 0.621513775 0.6878548906249999 0.519102346875
0 0.6188144296875 0.6553059109375 0.70949573125 0.7625079859375 0.752040575 0.7099197171875 0.6494429765625 0.60031899375 0.6188144296875 0.6553059109375
0 0.18466252968750002 0.773608403125 0.18391074999999998 0.8151517578125 0.3578677328125 0.7778971140625 0.380305228125 0.7129224609375 0.23647186250000002 0.7451221671875 0.18466252968750002 0.773608403125