0 0.9216840812499999 0.632214771875 0.9452568875 0.5777537625 0.9149848796875 0.54725461875 0.7381214171875 0.5908312375 0.8003686578125 0.6549749703125001 0.9216840812499999 0.632214771875
0 0.9188682937499999 0.5217615875 0.9245231453124999 0.45598696250000004 0.7600819546875 0.47532207812499994 0.766395140625 0.5341634359375 0.9188682937499999 0.5217615875
0 0.9421687796875 0.36880339375000004 0.7837229765625 0.3774340328125 0.777205140625 0.448873778125 0.9463245125 0.44180754375 0.9421687796875 0.36880339375000004
0 0.7671904421875 0.2997200296875 0.6382218875000001 0.3010879 0.649622009375 0.38384126093750004 0.7662137718750001 0.3777635359375 0.7671904421875 0.2997200296875
0 0.645079178125 0.8291289531249999 0.528941646875 0.8178984437500001 0.526693240625 0.8899639468749999 0.644102509375 0.907172459375 0.645079178125 0.8291289531249999
0 0.7022622328125 0.8548850078125 0.7309447078125 0.8098603203125 0.6772135828125 0.76144379375 0.5551261359375 0.7319664 0.5434758937499999 0.8084454937500001 0.6651773296875 0.81180409375 0.7022622328125 0.8548850078125
0 0.7473413453125 0.7022230703125001 0.7794757453125001 0.634537915625 0.7256991484374999 0.6150727421875 0.5950273609375001 0.6132951734375001 0.5962308828125 0.6627002109375 0.5889637578125 0.66742668125 0.5898040015625 0.6762372375 0.70807625 0.6877806359374999 0.7473413453125 0.7022230703125001
0 0.734783184375 0.5411133234375 0.6297279687499999 0.543090340625 0.6198264265625 0.5937635218749999 0.73853016875 0.6024743546875 0.734783184375 0.5411133234375
0 0.4698962046875 0.89032669375 0.372993834375 0.8674364375 0.35625665781250004 0.9200035328125 0.46853352031249995 0.9422514046874999 0.4698962046875 0.89032669375
0 0.529509565625 0.7282118140625 0.42063915312500005 0.7122548296875 0.418413484375 0.769844659375 0.52428620625 0.7911538765625 0.529509565625 0.7282118140625
0 0.567639359375 0.64982218125 0.4600634140625 0.625367521875 0.43946556406250004 0.6889519703125 0.55087944375 0.71686495625 0.567639359375 0.64982218125
0 0.59518653125 0.5119654265625 0.47559707187500005 0.5233953875 0.4819102609375 0.582236746875 0.5920978828125001 0.575220378125 0.59518653125 0.5119654265625
0 0.6115149546875001 0.4477552125 0.4962176578125 0.445335259375 0.487156359375 0.5048190031249999 0.6093120265625 0.4908693640625 0.6115149546875001 0.4477552125
0 0.95904238125 0.22938222968750002 0.8027767671875001 0.2093743984375 0.79282975 0.2889989375 0.9414422265625 0.2876144421875 0.95904238125 0.22938222968750002
0 0.7947376203125 0.161863275 0.6409699953125 0.1827628015625 0.64471698125 0.244123834375 0.8083179328125001 0.215978159375 0.7947376203125 0.161863275
0 0.825940825 0.1432702703125 0.9591333343749999 0.1714795171875 0.9812070234375 0.2557972859375 0.9908454171875001 0.23729944375 0.9949194546875001 0.1498282140625 0.9938339375 0.10127468437500001 0.8384313109375 0.0756017328125 0.8336394374999999 0.1357112359375 0.825940825 0.1432702703125
0 0.6180327890624999 0.3763154734375 0.4775276796875 0.38178405312499997 0.4979436203125 0.434005021875 0.6183733250000001 0.431385625 0.6180327890624999 0.3763154734375
0 0.4764378515625 0.26000062968750004 0.3637067640625 0.25506099843749996 0.3772643375 0.3236515609375 0.48488575312500004 0.31915486406250004 0.4764378515625 0.26000062968750004
0 0.6513030296875 0.12925705781250002 0.5223572125 0.11614925000000001 0.5273759250000001 0.1834882890625 0.6443764453124999 0.1890536796875 0.6513030296875 0.12925705781250002
0 0.5148843656250001 0.7955674703125 0.40517370937499997 0.7707999265625001 0.40635449062499995 0.8346806359375 0.4993961859375 0.868588246875 0.5148843656250001 0.7955674703125
0 0.379080178125 0.798829253125 0.268892553125 0.805845628125 0.287582534375 0.8693968328125001 0.3811239359375 0.8570448468749999 0.379080178125 0.798829253125
0 0.39245638125000004 0.7110199203125 0.2869469375 0.730305171875 0.30179898125000004 0.790398059375 0.397475096875 0.77835895625 0.39245638125000004 0.7110199203125
0 0.4198898640625 0.6455415578125 0.309293490625 0.6409148078125 0.317741390625 0.70006905 0.4202076640625 0.7150873890625 0.4198898640625 0.6455415578125
0 0.7767509125000001 0.466182015625 0.6243005015625 0.464108184375 0.6395840328125 0.5213685109374999 0.7561757984375 0.5152907875 0.7767509125000001 0.466182015625
0 0.46535499218750004 0.5189984234375 0.3410646125 0.532635171875 0.3546449265625 0.586750059375 0.45926865 0.58760560625 0.46535499218750004 0.5189984234375
0 0.463424921875 0.388404434375 0.35407754375 0.4042313671875 0.3766282015625 0.4567652203125 0.4753020140625 0.43937387812499995 0.463424921875 0.388404434375
0 0.6186689249999999 0.243201809375 0.4905406078125 0.2533802421875 0.5083903453125 0.30812089062500003 0.622847396875 0.301730284375 0.6186689249999999 0.243201809375
0 0.5065057546875 0.14857555312499998 0.3946603859375 0.123495128125 0.39284346875 0.1927280765625 0.51241019375 0.1957737953125 0.5065057546875 0.14857555312499998
0 0.25263234375 0.8266288078124999 0.165131809375 0.7993249640625 0.15096084062499998 0.8493723828125 0.244865515625 0.8776148703125 0.25263234375 0.8266288078124999
0 0.29338816875 0.6746852015625 0.1711326484375 0.659770665625 0.1900751734375 0.728641425 0.2941891234375 0.7288798109375 0.29338816875 0.6746852015625
0 0.329435975 0.571814240625 0.23997670937499999 0.5496894484375 0.23236656249999998 0.59964696875 0.32316879374999996 0.6129557265625001 0.329435975 0.571814240625
0 0.35099421875000003 0.3857037390625 0.24867089375 0.3737106359375 0.2468095 0.430519321875 0.34736579375 0.43924913906249996 0.35099421875000003 0.3857037390625
0 0.3339130859375 0.2600242921875 0.2492600890625 0.2806640078125 0.26115807343749997 0.3214636484375 0.339143415625 0.3148681109375 0.3339130859375 0.2600242921875
0 0.21969121875000003 0.48963472656249996 0.135957121875 0.48937909375000005 0.1389727609375 0.5438983125 0.22758389218750003 0.5418644718750001 0.21969121875000003 0.48963472656249996
0 0.38190605624999996 0.167916984375 0.2849074140625 0.15069574218749998 0.282174303125 0.198363790625 0.37563887500000004 0.20905847031250002 0.38190605624999996 0.167916984375
0 0.8197313812499999 0.10290396875 0.8235701093750001 0.06502571874999999 0.6926988515625 0.0458441 0.6948135140625 0.090603509375 0.8197313812499999 0.10290396875
0 0.7345116593750001 0.766378665625 0.7607582203125001 0.6981226296874999 0.71161100625 0.6789020328125 0.5742767265625 0.6737945890625 0.574630025 0.7309278796875 0.6955661671875 0.7396404515625 0.7345116593750001 0.766378665625
0 0.6747852828124999 0.9949635625000001 0.6881677749999999 0.9368392140624999 0.62130305625 0.9150217828124999 0.495866759375 0.9507139812500001 0.5507391375 0.9918037390625001 0.6747852828124999 0.9949635625000001
0 0.2359483671875 0.2937343765625 0.1708270890625 0.29019822031250003 0.17209928593749999 0.32643616249999996 0.24164994062499998 0.330621528125 0.2359483671875 0.2937343765625
0 0.2706767921875 0.1846614578125 0.2042361359375 0.1749233421875 0.195306615625 0.2186789 0.2706296125 0.2146974375 0.2706767921875 0.1846614578125
0 0.617369628125 0.31659156875 0.4977528578125 0.31408095625 0.5074125640625 0.3695739859375 0.6146365125 0.364259621875 0.617369628125 0.31659156875
0 0.30410831875 0.6191749296875 0.192054515625 0.596742775 0.2003948421875 0.646033846875 0.293835825 0.6717465203125 0.30410831875 0.6191749296875
0 0.163946565625 0.7218075046875 0.08379371249999999 0.6980424484375 0.069963565625 0.7591054749999999 0.1496687578125 0.7858092046875 0.163946565625 0.7218075046875
0 0.240236203125 0.3844915390625 0.15339210625 0.3897886578125 0.16083712187500002 0.4449570828125 0.1630754015625 0.43026369375 0.1630518078125 0.44528168749999997 0.235288403125 0.4318349828125 0.240236203125 0.3844915390625
0 0.8162877921874999 0.8513269593749999 0.7159562328125 0.8366215015625 0.7154337921875 0.8973567750000001 0.7910117609375 0.9026425265625001 0.8162877921874999 0.8513269593749999
0 0.8270523140625 0.7949886546875 0.7536545343750001 0.7610644296875 0.742890009375 0.8174027328125 0.7979383437500001 0.8428459046875 0.8270523140625 0.7949886546875