0 0 0.19270071718749998 0.0681197140625 0.184200309375 0.06927014687500001 0.1350128203125 0 0.142603896875 0 0.19270071718749998
0 0.09658437656249999 0.195545153125 0.2917155578125 0.1836094921875 0.29843438906249997 0.115259140625 0.0945977671875 0.13453915 0.09658437656249999 0.195545153125
0 0 0.274949390625 0.058115589062499994 0.2713946125 0.058198598437500006 0.20703535 0 0.21516471093749998 0 0.274949390625
0 0.0971418234375 0.26900748281250003 0.3036885234375 0.25547726875 0.3041985015625 0.1971867109375 0.0910159828125 0.2147080140625 0.0971418234375 0.26900748281250003
0 0 0.369782071875 0.071796434375 0.36753723125 0.0703850453125 0.2819374765625 0 0.2862427421875 0 0.369782071875
0 0 0.42659277500000004 0.07521220468749999 0.4160869 0.07821877499999999 0.360511784375 0 0.371437628125 0 0.42659277500000004
0 0.1049755515625 0.34758179375 0.297823634375 0.33596504375 0.30597162187500004 0.25515835781249996 0.1048450765625 0.28018816874999997 0.1049755515625 0.34758179375
0 0.1032499015625 0.421363034375 0.3029472890625 0.408789546875 0.3023898375 0.3353272234375 0.0987667015625 0.3576415859375 0.1032499015625 0.421363034375
0 0.1006703046875 0.48300685468750004 0.3076439734375 0.47554535 0.30836743437499997 0.4202891484375 0.10617346093749999 0.4301471859375 0.1006703046875 0.48300685468750004
0 0 0.488857134375 0.0861177421875 0.47278290156249997 0.0779222796875 0.42183669999999995 0 0.43396751718750004 0 0.488857134375
0 0.1103601625 0.555193540625 0.3158394328125 0.526491553125 0.3215560734375 0.476666240625 0.12392830156250001 0.48588645625 0.1103601625 0.555193540625
0 0.1225466109375 0.630095671875 0.31889347031250004 0.6026693296875 0.32646624218750003 0.54645639375 0.12305659375 0.5718051140625 0.1225466109375 0.630095671875
0 0.12931291250000002 0.6934982093750001 0.329437275 0.6869934328125 0.3338730015625 0.618961990625 0.127753275 0.6385609125 0.12931291250000002 0.6934982093750001
0 0.125731128125 0.7736670671875 0.3268576796875 0.7486372578125 0.329437275 0.6869934328125 0.12353103437499999 0.709626715625 0.125731128125 0.7736670671875
0 0.12885040781249998 0.8835416546875001 0.335397103125 0.8700114343750001 0.3359070796875 0.8117208765624999 0.127290765625 0.828604359375 0.12885040781249998 0.8835416546875001
0 0.0068561671875 0.74874371875 0.09762819375000001 0.7346941250000001 0.10541445468749999 0.6815155453124999 0.0025880234375 0.68807894375 0.0068561671875 0.74874371875
0 0.011598609375 0.8161499203125 0.0703614375 0.8059146765625 0.071084903125 0.750658475 0.0076897640625 0.760591984375 0.011598609375 0.8161499203125
0 0.336932878125 0.26921864375000004 0.5330662453125 0.23875794374999998 0.5273021359375 0.1568303734375 0.33594845625 0.189687603125 0.336932878125 0.26921864375000004
0 0.56502969375 0.234293190625 0.7608013328125 0.23146059375 0.7635944125 0.1728511234375 0.5559802859375 0.171209565625 0.56502969375 0.234293190625
0 0.5625153296875001 0.3296338234375 0.7659249859374999 0.3042851015625 0.75937216875 0.2439169203125 0.5625983406249999 0.2652745578125 0.5625153296875001 0.3296338234375
0 0.3489058421875 0.34108641875 0.5388303578125 0.32068551562500003 0.5362032937500001 0.2505764515625 0.3330071296875 0.278959528125 0.3489058421875 0.34108641875
0 0.5680659578125 0.40852704375000004 0.7614892546875 0.3723165484375 0.7679946015625 0.3009318359375 0.5704320703125 0.34384886406250004 0.5680659578125 0.40852704375000004
0 0.5698390843750001 0.4664986890625 0.7641163234375 0.4424256125 0.764412815625 0.3811007 0.5641402109375 0.41826792656249995 0.5698390843750001 0.4664986890625
0 0.3466702078125 0.4731582203125 0.540306990625 0.4399820765625 0.54124394375 0.387760228125 0.33740731562500004 0.40704023749999996 0.3466702078125 0.4731582203125
0 0.34358063125 0.593092596875 0.554266565625 0.5728558546875 0.5475002640625 0.50945331875 0.34509279843749996 0.516277003125 0.34358063125 0.593092596875
0 0.3536974640625 0.67134799375 0.5548240125 0.646318184375 0.57195616875 0.5948983125 0.3589871375 0.6154539703124999 0.3536974640625 0.67134799375
0 0.5813495359374999 0.7284099125 0.7971768906250001 0.6829415984375 0.7910510484375 0.628642128125 0.5839291359375001 0.6667660875 0.5813495359374999 0.7284099125
0 0.5882463140625 0.85920606875 0.799507465625 0.814375575 0.7888154125 0.7607139296875001 0.591252884375 0.8036309546875 0.5882463140625 0.85920606875
0 0.5952261015625 0.9256429546874999 0.8002783984375 0.8908722609374999 0.7980783046875 0.8268319046875 0.59865964375 0.876136553125 0.5952261015625 0.9256429546874999
0 0.369086196875 0.79176544375 0.5600129046875 0.7528395015625 0.5555297078125 0.6891180593749999 0.3598233046875 0.725647465625 0.369086196875 0.79176544375
0 0.373699871875 0.9228805078125 0.5698332421875001 0.8924198140625 0.5657770171875 0.8347670765625 0.37585250000000003 0.8551679765625 0.373699871875 0.9228805078125
0 0.77586386875 0.1833939859375 0.9626513453125 0.1511745796875 0.964590484375 0.08042769375 0.7556124343749999 0.12493927656249999 0.77586386875 0.1833939859375
0 0.97695095 0.2167883671875 0.79218955625 0.25158959062499997 0.8035220593749999 0.31435430000000003 0.981004096875 0.27439732656250004 0.97695095 0.2167883671875
0 0.9824984890625 0.2956377078125 0.8157915171875001 0.3248971609375 0.8063626109375001 0.38749772031249996 0.986349403125 0.350372275 0.9824984890625 0.2956377078125
0 0.7995607734375 0.5202073406250001 0.9906750796875 0.48181655156250003 0.9915427593749999 0.432107196875 0.7930079578125 0.459839159375 0.7995607734375 0.5202073406250001
0 0.8167403999999999 0.60054035625 0.989169659375 0.568061990625 0.9902489093750001 0.50623185 0.7987720687500001 0.5417667359375 0.8167403999999999 0.60054035625
0 0.817363090625 0.7076994984375 0.9872927390624999 0.675590740625 0.98832065625 0.616701371875 0.8039609625 0.648288053125 0.817363090625 0.7076994984375
0 0.56924609375 0.5891485171874999 0.7780758953125 0.5752993859375 0.7748083718750001 0.49608726093750005 0.5763918953125 0.5268668703125 0.56924609375 0.5891485171874999
0 0.8504414265625 0.8501594078125001 0.9846569281249999 0.8265962390625001 0.9860007578125 0.7496082765625001 0.8405380812500001 0.774938365625 0.8504414265625 0.8501594078125001
0 0.8353314171875 0.7664731265625 0.9861193703125 0.7428129390625 0.9870390078125 0.6901269875 0.8177900609375 0.7137682109375 0.8353314171875 0.7664731265625
0 0.132117928125 0.9627537796875 0.3403072734375 0.9398015953125001 0.332687028125 0.8642616406249999 0.125138140625 0.8963168937500001 0.132117928125 0.9627537796875
0 0.016244665624999998 0.8821861328124999 0.09560604687499999 0.8698002812500001 0.094046409375 0.8148629890624999 0.0124954859375 0.8288975859375001 0.016244665624999998 0.8821861328124999
0 0.02277895 0.975060475 0.09601525 0.9739250687500001 0.0968869609375 0.8880064109375001 0.017434978125 0.8991045124999999 0.02277895 0.975060475
0 0 0.601788590625 0.0869539125 0.5829764015625 0.085821246875 0.534107815625 0 0.5500802218749999 0 0.601788590625
0 0 0.6512943421874999 0.0019348140625 0.6787946046875 0.083372128125 0.663145259375 0.08409559531250001 0.6078890578125 0 0.6252352546875 0 0.6512943421874999
0 0.591252884375 0.8036309546875 0.7721932375 0.7538432375 0.7560810390625 0.6886819953125001 0.580347346875 0.7469349515625 0.591252884375 0.8036309546875
0 0.8124897484375 0.9296136484374999 0.8131883125 0.9105181859375 0.61455835625 0.938263440625 0.6176513734375 0.9568292828124999 0.8124897484375 0.9296136484374999
0 0.5760472546875001 0.9626406765625 0.5761073359375 0.9160568250000001 0.36770450625 0.9359746624999999 0.37428234531250004 0.9794699124999999 0.5043754109374999 0.9726520234375 0.5760472546875001 0.9626406765625