0 0.86338280625 0.9572303640625 0.9129819921875001 0.95405125625 0.9063397703125 0.8834537640625 0.6922911140625 0.682054978125 0.46773872499999997 0.788641503125 0.48173053593750004 0.9174986640625 0.6970472453125 0.82857700625 0.86338280625 0.9572303640625
0 0.916058228125 0.732589396875 0.69256151875 0.51813788125 0.4693864546875 0.5870757625 0.479169115625 0.7162027125 0.68288813125 0.6416827296875 0.90535508125 0.8425419359375 0.916058228125 0.732589396875
0 0.9131041671875 0.6098539187500001 0.6891376484375 0.3612867265625 0.48146692343749997 0.43947457500000003 0.496276115625 0.55120645625 0.6752551109375 0.485101365625 0.9145135968749999 0.7122009312500001 0.9131041671875 0.6098539187500001
0 0.9172361468749999 0.49690798437500006 0.7067144609375 0.23040614375000001 0.48697623281249997 0.28887999999999997 0.5007106046875001 0.4143390875 0.7159822453125 0.352736940625 0.91448149375 0.572205275 0.9172361468749999 0.49690798437500006
0 0.9098605671875 0.34372470312500003 0.6628338640625 0.042002328125 0.4740592390625 0.14629563125 0.4720318375 0.2591066703125 0.674978534375 0.17439245781249998 0.9038814515625001 0.4602036046875 0.9098605671875 0.34372470312500003
0 0.456611784375 0 0.43665966875000006 0.0155242390625 0.4498791640625 0.1341871703125 0.6131865140625 0.0007949968749999999 0.8910095312499999 0.29029971875 0.907723890625 0.2038639359375 0.7288444734375 0 0.456611784375 0
0 0.4699919515625 0.9808225015625001 0.471207659375 0.9181731375 0.32882382187500003 0.9648597296875 0.331686990625 0.9872641578125 0.4699919515625 0.9808225015625001
0 0.44433096406250006 0.7867272640625 0.3300789125 0.8418544625 0.337802065625 0.9437967890625 0.46206211250000007 0.8811989703125 0.44433096406250006 0.7867272640625
0 0.45297459843750004 0.6495901046875 0.33717791406250003 0.684328834375 0.3482928375 0.803126659375 0.4756872109375 0.75398625 0.45297459843750004 0.6495901046875
0 0.44426675624999995 0.5067359453125 0.306092065625 0.55315275625 0.3038072234375 0.662565715625 0.45542674375000003 0.5982142546875 0.44426675624999995 0.5067359453125
0 0.44900375 0.345947140625 0.30683228125 0.42335133125 0.31532775 0.535487890625 0.4764403890625 0.45686965312499994 0.44900375 0.345947140625
0 0.44317279843749996 0.21315231875 0.2988967546875 0.2906914046875 0.31005674375000003 0.3821697140625 0.46932224843750003 0.307084446875 0.44317279843749996 0.21315231875
0 0.45754177656249995 0.1851952171875 0.4386290421875 0.0973478890625 0.30113653125 0.20859796562500002 0.3138862203125 0.293145215625 0.45754177656249995 0.1851952171875
0 0.3958483765625 0 0.292383625 0.09306331718750001 0.3229996625 0.1901237296875 0.4349798390625 0.07709431718750001 0.42248485 0 0.3958483765625 0
0 0.2967297765625 0 0.31162730625 0.067927828125 0.37836685625 0 0.2967297765625 0
0 0.2018786890625 0.9933100781249999 0.104117090625 0.846093971875 0.0800592484375 0.9193421296875 0.1368749625 0.996337675 0.2018786890625 0.9933100781249999
0 0.2104206515625 0.8256220265625 0.125600546875 0.7388650359375 0.10729648750000001 0.8322318718749999 0.1907843328125 0.9293179874999999 0.2104206515625 0.8256220265625
0 0.31381521874999996 0.655095084375 0.21120593125 0.6685010859375 0.21841420781249998 0.76364725625 0.32446033124999996 0.7397772359375 0.31381521874999996 0.655095084375
0 0.1802552875 0.4553664546875 0.0910908296875 0.45083779843749994 0.0909105609375 0.5601158671875 0.194807040625 0.5637002546875001 0.1802552875 0.4553664546875
0 0.18958110156250002 0.3830625609375 0.10909238125000001 0.3813924046875 0.11080431718749999 0.45981798281249997 0.193140175 0.457955159375 0.18958110156250002 0.3830625609375
0 0.182932771875 0.2673930265625 0.09690264062500001 0.276321784375 0.10252122187499998 0.378399009375 0.19198818281250002 0.359006228125 0.182932771875 0.2673930265625
0 0.1781766421875 0.120870996875 0.0787016796875 0.1477344140625 0.072465128125 0.26081524218749996 0.17507441562499998 0.2474092421875 0.1781766421875 0.120870996875
0 0.2966763640625 0.235690828125 0.288341778125 0.1513702171875 0.201449203125 0.2047437828125 0.212866628125 0.299620165625 0.2966763640625 0.235690828125
0 0.3192102015625 0.987845275 0.31284967343750003 0.921494090625 0.2197785703125 0.8933137859375 0.2106009546875 0.9929038312499999 0.3192102015625 0.987845275
0 0.1944594671875 0.6149412062499999 0.10297806406250001 0.5798298625 0.09339481093749999 0.6487356734375 0.18405882812500002 0.7009723078125 0.1944594671875 0.6149412062499999
0 0.08545311562499999 0.041449740624999995 0.0140648703125 0.104073271875 0.033173351562499995 0.1608963359375 0.09691560625 0.10900661250000002 0.08545311562499999 0.041449740624999995
0 0.26167704999999997 0 0.2096230296875 0.033490950000000005 0.21764868437499998 0.111511840625 0.30454126718749996 0.0581382828125 0.2901607828125 0 0.26167704999999997 0
0 1 0.911867215625 0.9702042625 0.9169206671874999 0.977539621875 0.949913371875 1 0.9484737515624999 1 0.911867215625
0 1 0.7655800875 0.9502012343749999 0.764546753125 0.9389832171875 0.8677031359375 1 0.870411575 1 0.7655800875
0 1 0.6211504437500001 0.963871403125 0.6100145171875 0.94762685 0.7305659765625 1 0.7381610609375 1 0.6211504437500001
0 1 0.4777656796875 0.9670186953125001 0.4561567609375 0.9502142015624999 0.59723158125 1 0.6075741515625 1 0.4777656796875
0 1 0.35814356875 0.9617026234375 0.3301580953125 0.9436109359374999 0.4542425296875 1 0.48316357656250003 1 0.35814356875
0 1 0.229169275 0.9503753312500001 0.18064267812499998 0.9315113296875 0.29453287499999997 1 0.3412002625 1 0.229169275
0 0.7462544796875 0 0.8786074156250001 0.1545115078125 0.8808471921875001 0.0724180671875 0.816363034375 0 0.7462544796875 0
0 0.29343251718749996 0.4139664625 0.21238385 0.43281967187500003 0.22169670312499998 0.5278309484375 0.30824170781250004 0.52569834375 0.29343251718749996 0.4139664625
0 0.09746875625 0.7304244390625 0.0427457515625 0.680840775 0.050548628124999995 0.7838354078124999 0.089945009375 0.8265148734375 0.09746875625 0.7304244390625
0 0.0197627890625 0.339313971875 0.086547071875 0.33503336875 0.0801111109375 0.25008142499999997 0.014628696875 0.25116501874999997 0.0197627890625 0.339313971875
0 0.135479121875 0 0.1236791703125 0.0007563296875 0.1065439296875 0.012781284374999998 0.116416725 0.0872691984375 0.19489100312500002 0.0344352125 0.19134880781250002 0 0.135479121875 0