0 0.0254702375 0 0.019393478125 0.09502906250000001 0.26783279375 0.098593184375 0.28392953906249996 0 0.0254702375 0
0 0.1361573453125 0.1077519375 0.01824231875 0.113031015625 0.012747903125000001 0.1989533609375 0.1310814671875 0.1871291125 0.1361573453125 0.1077519375
0 0.347837315625 0 0.3518251296875 0.10972486562499999 0.7083225375 0.148615378125 0.7256147171875 0.035890409375 0.52243383125 0 0.347837315625 0
0 0.4354270109375 0.126962484375 0.186306175 0.11197918281250001 0.173041521875 0.22479809374999998 0.426970784375 0.22766346249999997 0.4354270109375 0.126962484375
0 0.7152677359374999 0.19769771875 0.47953455156249997 0.13104881562499998 0.46705080624999995 0.231655853125 0.69388653125 0.279752090625 0.7152677359374999 0.19769771875
0 0.6938143078125 0.3439583640625 0.30847704375 0.2829925125 0.292808178125 0.4018703890625 0.6719089296874999 0.4657482921875 0.6938143078125 0.3439583640625
0 0.393753015625 0.43174261718749996 0.1337824671875 0.42873632968750003 0.134418925 0.5449370078125 0.3859439734375 0.5538613421874999 0.393753015625 0.43174261718749996
0 0.6878853031250001 0.499753684375 0.4433161671875 0.4451287640625 0.4284282046875 0.551794765625 0.6637709359375 0.62454960625 0.6878853031250001 0.499753684375
0 0.6678599625 0.6552202015625 0.2636179328125 0.606043484375 0.2608125453125 0.71299130625 0.6531672265624999 0.7588332328125 0.6678599625 0.6552202015625
0 0.1058143578125 0.739951196875 0.0961867796875 0.8589699843749999 0.3370573390625 0.876818371875 0.35493519375 0.7549344953125 0.1041910484375 0.7337982890625 0.1058143578125 0.739951196875
0 0.6584891109375001 0.8017626718749999 0.4030087578125 0.7285381171875 0.3847404546875 0.8565279234375 0.6305424453125 0.9234116875 0.6584891109375001 0.8017626718749999
0 0 0.3997029828125 0.24486834062499999 0.39463714843750003 0.2619652875 0.2849651515625 0.0073516234375000005 0.2833409859375 0 0.39830654062500004 0 0.3997029828125
0 0 0.5435116375 0.10096587187499999 0.531926628125 0.11280243906250001 0.409901846875 0 0.42104913593750004 0 0.5435116375
0 0 0.7135818296875 0.20059490468750002 0.7085292125 0.211845796875 0.59566333125 0 0.5987437984375 0 0.7135818296875
0 0.4752709828125 0.9858324515625 0.6370967328125 0.9811238031249999 0.64366265 0.939005321875 0.246109090625 0.9113872640625 0.24169698125 0.9803843453125 0.4752709828125 0.9858324515625
0 0.998914065625 0.06422792031249999 0.763742471875 0.0704124765625 0.7697730359375 0.165336315625 0.9979834703125 0.14420315781249998 0.998914065625 0.06422792031249999
0 0.9974616390625 0.18904913750000002 0.7694440874999999 0.2020189046875 0.7774884125 0.296989715625 0.9965364937500001 0.2685559546875 0.9974616390625 0.18904913750000002
0 0.9946406218750001 0.43148684531250003 0.9958010515625 0.3317597578125 0.9954266875 0.3265332890625 0.7659192953125 0.3517552546875 0.7796144578125 0.45297291250000005 0.9946406218750001 0.43148684531250003
0 0.9852134265625001 0.45471097812499994 0.7450515484375 0.48885699843749997 0.7610172000000001 0.6176453109375 0.9858498859375 0.5709116562500001 0.9852134265625001 0.45471097812499994
0 0.7393685484375 0.76695891875 0.9789340781250001 0.7200618078125001 0.9854923484375 0.617502840625 0.7297009109375 0.665835203125 0.7393685484375 0.76695891875
0 0.7541628453125 0.9140650421875 0.9690671859375 0.874361421875 0.9776721171875 0.7397965015625 0.7476803296875 0.7946704859375 0.7541628453125 0.9140650421875
0 0.9628462296875 0.9716454609375 0.9655420640625 0.929487703125 0.7254459984375 0.953143003125 0.72613094375 0.9785331734374999 0.9628462296875 0.9716454609375