0 0.679284771875 0 0.673257903125 0.037322425 0.8567514578125 0.057848378125 0.961010878125 0.015132859374999998 0.95986066875 0 0.679284771875 0
0 0.9627588390625 0.0381301 0.8644908421874999 0.0664142578125 0.690843009375 0.0510803609375 0.6864420578125 0.11752308281249998 0.8711192609375 0.1536218109375 0.968083703125 0.1081872890625 0.9627588390625 0.0381301
0 0.9700890484375 0.13457085 0.8510028078125 0.199818221875 0.6834130328125 0.1398434953125 0.6729298015625 0.219522228125 0.85365528125 0.2968879671875 0.9753315609375001 0.20354459062500002 0.9700890484375 0.13457085
0 0.6669201984375001 0.3269726953125 0.6697851796875 0.395752178125 0.8312684453125 0.43755809843750004 0.9706203 0.34361988593750004 0.9656489875000001 0.2782142234375 0.8347467078124999 0.39006197343750004 0.6669201984375001 0.3269726953125
0 0 0.224309390625 0.2656613390625 0.2080535046875 0.252216228125 0.0933334703125 0.01812214375 0.0909695328125 0 0.08189249062500001 0 0.224309390625
0 0 0.44110950000000004 0.2580430875 0.35651171875 0.2458058484375 0.288769284375 0.242515865625 0.2765703265625 0.2063987328125 0.23659623437500002 0 0.24852111406250002 0 0.44110950000000004
0 0 0.57707378125 0.25253116875 0.5015961156250001 0.23911028124999997 0.41828090781249994 0 0.46547794218750005 0 0.57707378125
0 0 0.6017180609375 0.008462571875 0.713056871875 0.24441523125 0.6124204046874999 0.2286512796875 0.529364453125 0 0.58803518125 0 0.6017180609375
0 0.260525978125 0.23374773750000002 0.2739710875 0.34846776562500004 0.46420865781250004 0.3022917375 0.45642081875 0.2309162234375 0.4341253546875 0.1862719953125 0.260525978125 0.23374773750000002
0 0.2654543734375 0.5472773953125001 0.4482135109375 0.5270548640625 0.4315026421875 0.43154069375 0.27077801562500003 0.46188808124999997 0.2654543734375 0.5472773953125001
0 0.22913027187499999 0.8465271937500001 0.2039940578125 0.7645083031250001 0.1845151125 0.7258339265625 0.013971410937500001 0.785534553125 0.0240169296875 0.9176996125000001 0.22913027187499999 0.8465271937500001
0 0.3151024546875 0.2057235265625 0.46669155 0.179527753125 0.4612225515625 0.0764881578125 0.3026042578125 0.103461721875 0.3151024546875 0.2057235265625
0 0.4905956671875 0.183164234375 0.6166719921875 0.1943397265625 0.61472970625 0.10661364375 0.49170663281250004 0.1045225546875 0.4905956671875 0.183164234375
0 0.48108358124999995 0.3067060015625 0.6158219828125 0.30750077343750004 0.6040339718750001 0.2145826390625 0.4767982296875 0.2192391828125 0.48108358124999995 0.3067060015625
0 0.46669708125 0.4904613828125 0.5887732390625 0.48009425156249996 0.5870676828125 0.3954827265625 0.453276196875 0.407146175 0.46669708125 0.4904613828125
0 0.2313764328125 0.7206486609375 0.398681028125 0.71469919375 0.397212196875 0.6332022203125 0.22827472656249997 0.6487546156249999 0.2313764328125 0.7206486609375
0 0.645480278125 0.48010104687500005 0.6469491078125 0.5615980140625 0.7929778328125 0.6176769984375 0.9433106062500001 0.4816939859375 0.9282810671874999 0.43938652500000003 0.7999585796875001 0.554089575 0.645480278125 0.48010104687500005
0 0.613745403125 0.65321304375 0.7501893671875 0.7386193453125001 0.7801273125 0.666210171875 0.629624953125 0.5823594546875 0.613745403125 0.65321304375
0 0.1696793875 0.9347650125 0.1826025875 0.98044629375 0.3638929 0.8787267875 0.36734693281249997 0.7998258468749999 0.2179126265625 0.8854574453125 0.1696793875 0.9347650125