0 0 0.1842362515625 0.170449125 0.1624438453125 0.1579817046875 0.08717286875 0 0.12023375781250001 0 0.1842362515625
0 0.39295679843750003 0 0.38319453281250004 0.00217918125 0.2149138640625 0.08253875000000001 0.2385344875 0.1499370125 0.426328328125 0.054186398437500005 0.40823637343749997 0 0.39295679843750003 0
0 0.55099078125 0.3305001421875 0.38162463281250003 0.3709983984375 0.3901359328125 0.4444609640625 0.5555459609375 0.40215429062499997 0.55099078125 0.3305001421875
0 0 0.5098219328125 0.0021582375 0.522992690625 0.1477489453125 0.49049321875 0.1397273234375 0.419612865625 0 0.4508034828125 0 0.5098219328125
0 0.3483131015625 0.44303079062500006 0.2029865828125 0.46739673281250005 0.209990146875 0.5519619265625 0.3496273171875 0.5261744703125 0.3483131015625 0.44303079062500006
0 0.597626246875 0.51926225625 0.4183504390625 0.5646641156250001 0.43085656562499997 0.6210858234375001 0.5989791656250001 0.5835566734375 0.597626246875 0.51926225625
0 0.266612678125 0.69812191875 0.046345315625 0.6988437578125 0.051654357812499996 0.7649465921874999 0.2714320453125 0.761642540625 0.266612678125 0.69812191875
0 0.5870720953124999 0.5969807 0.36736508125 0.686397540625 0.3798712046875 0.74281925625 0.6030059640625 0.6714778796875 0.5870720953124999 0.5969807
0 0.3818753546875 0.6104875125 0.231613359375 0.6278806234375 0.237186590625 0.685849928125 0.387938265625 0.6710390281249999 0.3818753546875 0.6104875125
0 0.2550152328125 0.560751834375 0.01202919375 0.5369383531249999 0.015830501562499998 0.614143821875 0.24770204062499998 0.6269807453125 0.2550152328125 0.560751834375
0 0.1934824578125 0.6363923890625001 0.03485724375 0.6287372015625 0.0396766125 0.692257828125 0.182251846875 0.681963621875 0.1934824578125 0.6363923890625001
0 0.4760634078125 0.059233400000000005 0.3143066109375 0.1303312734375 0.33050466875 0.1966949234375 0.4900385625 0.1234017390625 0.4760634078125 0.059233400000000005
0 0.29124633125 0.151628009375 0.1416995 0.1823190640625 0.149231446875 0.250617209375 0.2992679546875 0.2225083625 0.29124633125 0.151628009375
0 0.486307928125 0.13230906250000002 0.353751725 0.2049631921875 0.37665719062499997 0.2590635109375 0.499039540625 0.199446509375 0.486307928125 0.13230906250000002
0 0.6263236937500001 0.765858940625 0.3598970734375 0.8280235093750001 0.3726286875 0.8951609609375 0.632347903125 0.8452597140625 0.6263236937500001 0.765858940625
0 0.3106129703125 0.844407984375 0.0705262890625 0.854937028125 0.0916598234375 0.92827350625 0.313737815625 0.8894662421874999 0.3106129703125 0.844407984375
0 0.39693924375 0.74708379375 0.2357495296875 0.783065353125 0.24923501093749997 0.8446514859375001 0.404206996875 0.8235154671875 0.39693924375 0.74708379375
0 0 0.3036699046875 0.0109471953125 0.3406990859375 0.2011120140625 0.2955580484375 0.19527459062500002 0.245722271875 0 0.2713201125 0 0.3036699046875
0 0.5651527234375 0.42423348125000004 0.3163931953125 0.56050833125 0.32223061875000003 0.6103441093749999 0.572645965625 0.5113808890625 0.63037069375 0.48234618593749995 0.619597790625 0.4255375734375 0.5651527234375 0.42423348125000004
0 0.6432386234374999 0.1215018796875 0.5831429124999999 0.0999270109375 0.58329099375 0.148341278125 0.6433867015625 0.169916146875 0.6432386234374999 0.1215018796875
0 0.6786367390625 0.479646553125 0.6469103515625 0.5028777796874999 0.6747899937499999 0.545101671875 0.713449271875 0.5203228515625 0.6786367390625 0.479646553125
0 0.7956578734375 0.620398625 0.7315286328124999 0.63471386875 0.7596337625 0.687653490625 0.8220297796875 0.6737251468750001 0.7956578734375 0.620398625
0 0.63152428125 0 0.6540182609375 0.054499173437500006 0.699043346875 0.0632890765625 0.6892497984375 0.0116448890625 0.6398797515625 0 0.63152428125 0
0 0.7127156078125 0.154440209375 0.665467621875 0.14345499374999998 0.677484071875 0.197294496875 0.7138430437500001 0.208018890625 0.7127156078125 0.154440209375
0 0.73953849375 0.2291982046875 0.6784247234375 0.221308178125 0.69417180625 0.26624035625000003 0.75008590625 0.27529108125 0.73953849375 0.2291982046875
0 0.6493015328125 0.182053396875 0.59956645625 0.1770063984375 0.6058935578125 0.2294243875 0.6573618609375 0.23408448750000002 0.6493015328125 0.182053396875
0 0.8333058328125 0.48549332500000003 0.781309146875 0.49710027968750004 0.7953230125 0.542419359375 0.8438532453124999 0.531586203125 0.8333058328125 0.48549332500000003
0 0.7883514171875 0.5628162156250001 0.725994103125 0.5578952968750001 0.73801055 0.6117348015624999 0.7941888406250001 0.6126519921875 0.7883514171875 0.5628162156250001
0 0.6240301234375 0.6775508359375 0.43657787812500004 0.7274693937500001 0.44637142656249995 0.7791135875 0.6446739796875 0.74830510625 0.7006267828125 0.7385065671875 0.6896283921874999 0.6709822171875001 0.6240301234375 0.6775508359375
0 0.7710712515625 0.507547459375 0.7142163109374999 0.4974005234375 0.7242577234375001 0.550351775 0.7762103515625001 0.561593028125 0.7710712515625 0.507547459375
0 0.80010319375 0.17561993125 0.765814365625 0.169951665625 0.7709808328125 0.2106687390625 0.806654684375 0.2236406234375 0.80010319375 0.17561993125
0 0.6713032203125 0.34520795 0.634695309375 0.3609925421875 0.6473746921875 0.4076453421875 0.6890717265624999 0.3850151328125 0.6713032203125 0.34520795
0 0.745685121875 0.4275703625 0.6978875609374999 0.43823996718749997 0.712325590625 0.4806937953125 0.752423425 0.46983976250000004 0.745685121875 0.4275703625
0 0.7239352828125 0.1107849828125 0.66364515 0.0690504984375 0.6278344578125 0.1227210921875 0.7248919421875 0.1562481890625 0.7239352828125 0.1107849828125
0 0.755594540625 0.7112304984375 0.7280916328125 0.707396928125 0.740513975 0.7611370875000001 0.7823970453125 0.7584363468750001 0.8249327203125001 0.735644115625 0.81064816875 0.6956168593750001 0.755594540625 0.7112304984375