0 1 0.8898024390625 0.8240489953125 0.90562685625 0.8249229843749999 0.9407709687500001 1 0.9309416484374999 1 0.8898024390625
0 0.8015782375 0.17062696093750002 0.98550784375 0.154800865625 0.9797388671875 0.08863951249999999 0.8049671828125 0.10900989531250001 0.8015782375 0.17062696093750002
0 0.7858034546875 0.11531819218749999 0.565275571875 0.1233986609375 0.5670235546875 0.1936868921875 0.7856204671875 0.188581890625 0.7858034546875 0.11531819218749999
0 0.7680957187499999 0.23880757031250002 0.5650555875000001 0.24647964218750001 0.5614116421875 0.30517228125 0.7708636859375 0.3207934875 0.7680957187499999 0.23880757031250002
0 0.5431238875 0.170802015625 0.3587374921875 0.166316953125 0.35560354375 0.23085843593750002 0.5417749171875 0.2558144578125 0.5431238875 0.170802015625
0 0.5344540015625 0.07137166406249999 0.3167680734375 0.0618035046875 0.31749606875 0.120394046875 0.5476418203125 0.1472534921875 0.5344540015625 0.07137166406249999
0 0.8005622156250001 0.02329398125 0.79935725625 0.0446726125 0.9779931234375001 0.0686185046875 0.9744822828125 0.0283545390625 0.8005622156250001 0.02329398125
0 0.7777214 0.02262938125 0.659283765625 0.0191831984375 0.5784653734375 0.023457815625 0.582909321875 0.0995438359375 0.7832534875 0.0860739703125 0.7777214 0.02262938125
0 0.323543984375 0.11439205156250001 0.11514891875 0.0606512640625 0.10622205468749998 0.1341191625 0.318224065625 0.1789845921875 0.323543984375 0.11439205156250001
0 0.007544903125 0.21605775624999998 0.106294059375 0.210307290625 0.107752034375 0.151665696875 0.0055644359375 0.1593445921875 0.007544903125 0.21605775624999998
0 0.2927224109375 0.0623650546875 0.2918839578125 0.018722017187500002 0.068723003125 0.023933604687500002 0.0668026046875 0.058849940625 0.2927224109375 0.0623650546875
0 0.5327277421875001 0.01550079375 0.486907034375 0.0141675484375 0.306974021875 0.0183696125 0.3070042125 0.0503100171875 0.535109990625 0.0537740796875 0.5327277421875001 0.01550079375
0 0.8958259421875001 0.5230015828125001 0.6166408890625 0.5617556796875001 0.6212308281250001 0.614395275 0.9074837828125 0.5813368750000001 0.8958259421875001 0.5230015828125001
0 0.5593326921874999 0.5074168593749999 0.2676508171875 0.57869694375 0.277377690625 0.6400077093750001 0.5768924515625 0.5831965796875 0.5593326921874999 0.5074168593749999
0 0.22287445468749997 0.6178375296875 0.030917878125 0.6621862609375 0.036808303125000004 0.7297404140625 0.23016035625 0.6762749234375 0.22287445468749997 0.6178375296875
0 0.6603952828125 0.6867400781249999 0.4894887 0.7112439796875 0.49702960156250003 0.7726057953125001 0.6717981265625 0.7421509484375 0.6603952828125 0.6867400781249999
0 0.0159071515625 0.4555212421875 0.1674622171875 0.43451784218749995 0.1501574546875 0.3616625375 0.0134951125 0.3864494734375 0.0159071515625 0.4555212421875
0 0.24229119687499998 0.7902763359375 0.0436949953125 0.8087202546875 0.048572346875 0.8646560328125 0.2629479140625 0.8513318515625 0.24229119687499998 0.7902763359375
0 0.434329478125 0.7066713890625 0.263677890625 0.734099715625 0.27442474375 0.8071081703124999 0.45305522031249995 0.7707023734375 0.434329478125 0.7066713890625
0 0.65390938125 0.76308135 0.47979684218749996 0.7759386203124999 0.488867721875 0.8548469656250001 0.67314511875 0.83296118125 0.65390938125 0.76308135
0 0.3650734328125 0.465067453125 0.15828035468749999 0.505061321875 0.16053833125 0.58119839375 0.3777512578125 0.5351004328125 0.3650734328125 0.465067453125
0 0.3377498109375 0.3777942453125 0.134672684375 0.43528359375000003 0.1558393890625 0.5021879499999999 0.36008249999999997 0.4329498640625 0.3377498109375 0.3777942453125
0 0.7738146453125 0.329515703125 0.5671675640625 0.346063140625 0.5678955625000001 0.4046536828125 0.7821205359375 0.3996507828125 0.7738146453125 0.329515703125
0 0.9804247343749999 0.36278554218750003 0.8121051109374999 0.36671639375 0.804089228125 0.42551113125000006 0.9811527265625 0.42137608125000003 0.9804247343749999 0.36278554218750003
0 0.9837046781250001 0.2747976265625 0.814110071875 0.2641063671875 0.8029972328125 0.33762532031250003 0.9808257234375001 0.342263534375 0.9837046781250001 0.2747976265625
0 0.8050391921875001 0.1851980234375 0.7988082859375 0.264463715625 0.9889876015624999 0.260022365625 0.9914887625000001 0.22339285000000003 0.9885298515625 0.18945867031250002 0.8050391921875001 0.1851980234375
0 0.7778576015625001 0.42612373124999997 0.5866582984375001 0.41886739375 0.5895722625 0.4774068859375 0.7815365546875 0.4934364875 0.7778576015625001 0.42612373124999997
0 0.4585581296875 0.6328461359374999 0.2569389734375 0.6316938890625 0.2594519484375 0.7107553906249999 0.4534932078125 0.7003630937499999 0.4585581296875 0.6328461359374999
0 0.64232553125 0.6051115109375 0.47065395624999995 0.6208421484375 0.47600888750000003 0.682255009375 0.6399565703125 0.6784262578125 0.64232553125 0.6051115109375
0 0.8426327046875001 0.6414589171875 0.6426895265625 0.6344067812499999 0.6429075328125 0.687148478125 0.8460566609375 0.7058472515624999 0.8426327046875001 0.6414589171875
0 0.45611518125000006 0.8057954421875 0.2669558515625 0.821934478125 0.265242884375 0.87765165 0.4707239796875 0.8728529484375 0.45611518125000006 0.8057954421875
0 0.24057822812500002 0.8459935062499999 0.049964775 0.8806250359375 0.055246453125 0.9411978140624999 0.24888411875 0.9161285843750001 0.24057822812500002 0.8459935062499999
0 1 0.7553852890625 0.8251799656250001 0.76787271875 0.8277299328125001 0.7971169406249999 1 0.8065856515625001 1 0.7553852890625
0 0.4503623765625 1 0.46420108750000005 0.9990114984374999 0.464602075 0.9784894921875 0.4610321203125 0.9375475812499999 0.27507875 0.9653332578124999 0.2797261671875 1 0.4503623765625 1
0 0.8332308578125 0.8350833765625 0.6588263265625 0.894833496875 0.6721601421875001 0.9472688937499999 0.846564675 0.8875187718750001 0.8332308578125 0.8350833765625
0 0.327987928125 0.190478078125 0.1007561390625 0.22215812656249997 0.107277053125 0.27182225625 0.338479784375 0.260562109375 0.327987928125 0.190478078125
0 0.32044504687500003 0.304938940625 0.1626912734375 0.2793192703125 0.15737135468750002 0.3439118046875 0.33068190625 0.372098546875 0.32044504687500003 0.304938940625
0 0.5348160171874999 0.276489609375 0.32292300625000003 0.25799503437500004 0.32299501406250003 0.3341831625 0.5409359375 0.34667573906250004 0.5348160171874999 0.276489609375
0 0.1694282015625 0.55754776875 0.0215079703125 0.554269015625 0.0277699421875 0.62608424375 0.1752931265625 0.624809475 0.1694282015625 0.55754776875
0 1 0.585345803125 0.8456206609375 0.600363859375 0.845073671875 0.6443322921875 1 0.6486664171875 1 0.585345803125
0 0.9911715859375001 0.435793990625 0.8223419703125 0.433876 0.8199730109375001 0.5071907484375 0.9909886 0.50905769375 0.9911715859375001 0.435793990625
0 0.011810846875 0.33821839531250003 0.115837940625 0.34488175625 0.117951903125 0.268642584375 0.0091373734375 0.26166014843749996 0.011810846875 0.33821839531250003
0 0.858662484375 0.6996921109375001 0.682618971875 0.71552485 0.6789750296875 0.7742174859375 0.8681343578125 0.7580784484375 0.858662484375 0.6996921109375001
0 0.22462243750000002 0.6881257609375 0.0449719734375 0.71283386875 0.048249939062500004 0.8006686328124999 0.2405062203125 0.769805384375 0.22462243750000002 0.6881257609375
0 0.55423275625 0.448928415625 0.3577505328125 0.4564473390625 0.39345403437500004 0.5142210828125 0.5631946375 0.5014659109374999 0.55423275625 0.448928415625
0 0.0047184640625 0.135119121875 0.0884793015625 0.1316031453125 0.07361550624999999 0.061621215625 0.0015707109375 0.0449792796875 0.0047184640625 0.135119121875
0 0.678864046875 0.92366931875 0.5007805578125 0.9161066812499999 0.4930196765625 0.9778258421875 0.6533604125 0.9828724609374999 0.678864046875 0.92366931875
0 0.4707239796875 0.8728529484375 0.26046995 0.89827575 0.26582488125000003 0.9596886171874999 0.4777548875 0.92836591875 0.4707239796875 0.8728529484375
0 0.13735164375 1 0.233144346875 0.9868252156249999 0.23383732968749998 0.919410359375 0.055668053125000005 0.9460329109375 0.06037374375 1 0.13735164375 1
0 1 0.8221199468749999 0.867186375 0.8225688890624999 0.8715213187499999 0.8722840609375 1 0.8692836359375 1 0.8221199468749999