0 0.9056938406249999 0.6092225234375 0.9398346765625 0.58769799375 0.9283322484375001 0.5317266890625 0.8194731671875 0.48315609843749996 0.7489949203124999 0.52874553125 0.9056938406249999 0.6092225234375
0 0.7644600921875 0.5878309703125 0.7472190750000001 0.6411246890625 0.8969967562500001 0.6962520296875 0.9044026578125001 0.633807153125 0.7644600921875 0.5878309703125
0 0.9146139 0.714363090625 0.7581030421875 0.66958848125 0.75041021875 0.7374966109375001 0.896655559375 0.7813149312500001 0.9146139 0.714363090625
0 0.734128853125 0.733234934375 0.626462090625 0.7012453562500001 0.5998609359375 0.775627053125 0.7199897859375 0.8060325421875 0.734128853125 0.733234934375
0 0.72223473125 0.2133238375 0.6093140421875 0.20280475 0.597515009375 0.2703303578125 0.7080956656249999 0.2861214453125 0.72223473125 0.2133238375
0 0.72351624375 0.306772875 0.6092597734375 0.2824044015625 0.6053862234375 0.3561582921875 0.72504008125 0.356324646875 0.7845354859375 0.3234370609375 0.76644335625 0.2750868625 0.72351624375 0.306772875
0 0.61974826875 0.475530753125 0.7420736906250001 0.5033958765625 0.7960282390625 0.49744203125 0.7790838234375 0.4272388328125 0.7396444625 0.4317998421875 0.6270107015625 0.4158175046875 0.624527203125 0.423821121875 0.6303995875 0.42985813906250003 0.61974826875 0.475530753125
0 0.7516218859375 0.5180102859375 0.6391315859375 0.4992963171875 0.6386023234375 0.54865683125 0.7362905015625001 0.5742268828125 0.7516218859375 0.5180102859375
0 0.5651054234374999 0.1410417171875 0.45600400937499996 0.13636839375 0.461490590625 0.1890343046875 0.5563637453125 0.189637209375 0.5651054234374999 0.1410417171875
0 0.5880114140625 0.2941499703125 0.48506930625000005 0.290050409375 0.47604070312499996 0.344109153125 0.5807489796875 0.35386321718749997 0.5880114140625 0.2941499703125
0 0.5985095874999999 0.36924265156249997 0.4891212421875 0.3700325765625 0.49608706874999997 0.43381624375000005 0.6012257453125 0.4353754328125 0.5985095874999999 0.36924265156249997
0 0.6096708125 0.5102768578125 0.508163359375 0.47886105 0.4909223359375 0.5321547671875 0.600355278125 0.5697988578125 0.6096708125 0.5102768578125
0 0.6094730765625 0.5926081390625 0.498130496875 0.55204116875 0.4951177359375 0.6094053078125 0.603214896875 0.6332000109375 0.6094730765625 0.5926081390625
0 0.8803199218750001 0.8566529140625001 0.7418566015625 0.8217944890625001 0.7357864828125 0.8980887484375 0.8855195734375 0.914782075 0.8803199218750001 0.8566529140625001
0 0.7422327265625001 0.8931992687499999 0.5949385375 0.8300683093749999 0.579607153125 0.8862849078125 0.7191193250000001 0.9404559671875001 0.7422327265625001 0.8931992687499999
0 0.9029451937499999 1 0.9199919390625 0.9262283015625 0.9113045328125 0.8952241437499999 0.8744378656249999 0.9686495624999999 0.7446619515624999 0.9647952984374999 0.750390865625 0.9735639468749999 0.7470880921874999 1 0.9029451937499999 1
0 0.6064603156249999 0.649972275 0.4945438765625 0.620331809375 0.4654146296875 0.6642831124999999 0.5955220734375 0.7011081359375 0.6064603156249999 0.649972275
0 0.4602053 0.724187621875 0.3606074859375 0.695694690625 0.33472365625 0.7564182578125 0.440911178125 0.7772900796875 0.4602053 0.724187621875
0 0.5840002921874999 0.8812041734375 0.47370656093749997 0.85994983125 0.45603515000000006 0.92143843125 0.5789344265625 0.93837705 0.5840002921874999 0.8812041734375
0 0.57970980625 0.21651691093749997 0.4863158921875 0.227031765625 0.47289415 0.2861712453125 0.580085925 0.28792169218749997 0.57970980625 0.21651691093749997
0 0.467076040625 0.200534575 0.38213687812499997 0.1679171875 0.352433775 0.2227949921875 0.4539412328125 0.25421080625000003 0.467076040625 0.200534575
0 0.467165234375 0.277402603125 0.38017296875 0.24459395781249998 0.3547195328125 0.297122653125 0.4494938234375 0.338891196875 0.467165234375 0.277402603125
0 0.47618416718749995 0.3413775265625 0.3776352 0.33219723125 0.3583410765625 0.38529969531249997 0.4624754953125 0.40598026093749995 0.47618416718749995 0.3413775265625
0 0.75128068125 0.6030731890625 0.6436139125 0.571083609375 0.618303946875 0.6208806765625 0.7610169375 0.6533899828124999 0.75128068125 0.6030731890625
0 0.4880627171875 0.46875360781250003 0.39023107343749996 0.4459151890625 0.367117671875 0.49317188749999996 0.4805133546875 0.533930109375 0.4880627171875 0.46875360781250003
0 0.474443240625 0.6102243734374999 0.3856847984375 0.5717612203125 0.354502446875 0.615521265625 0.453526403125 0.6549407 0.474443240625 0.6102243734374999
0 0.585632675 0.771556634375 0.48001901093750005 0.7397583125 0.45279940625000004 0.7866324984374999 0.5704447609375001 0.8250416093749999 0.585632675 0.771556634375
0 0.46210526874999996 0.8451441687499999 0.3499018984375 0.8209669515625 0.338246328125 0.8857609390625001 0.44749120937500003 0.8877026421875 0.46210526874999996 0.8451441687499999
0 0.3438452359375 0.15062519375 0.25073825781250003 0.1556767953125 0.2543152015625 0.2054198203125 0.3412628703125 0.1997944515625 0.3438452359375 0.15062519375
0 0.36120525937500003 0.300084153125 0.26396851093749996 0.2767869578125 0.233003771875 0.33655466093749997 0.3500060640625 0.35030179375000003 0.36120525937500003 0.300084153125
0 0.36590178125 0.414434765625 0.27857093437499997 0.4062994890625 0.2760406625 0.45447685625 0.36381802812499997 0.4541102421875 0.36590178125 0.414434765625
0 0.3549902265625 0.5814401453125 0.25943698125000003 0.566843259375 0.25021896875 0.6200932859375 0.3480510765625 0.632054628125 0.3549902265625 0.5814401453125
0 0.323327559375 0.695251559375 0.25179989687500004 0.671501453125 0.23282481718749998 0.7067555999999999 0.30786832343750004 0.74507235625 0.323327559375 0.695251559375
0 0.2629628609375 0.45895425312500004 0.18063625781249998 0.4370460078125 0.1673070421875 0.4870652296875 0.245522446875 0.50574266875 0.2629628609375 0.45895425312500004
0 0.3369906796875 0.8018939703125 0.2476786578125 0.790726309375 0.24103718125 0.83567286875 0.3349069265625 0.8415694468750001 0.3369906796875 0.8018939703125
0 0.7244756437500001 1 0.61209724375 0.9841519546875 0.60801224375 1 0.7244756437500001 1
0 0.7379674875 0.38074655156250004 0.623392896875 0.3615299109375 0.6120448625 0.414581515625 0.7412319203125 0.4408550296875 0.790817753125 0.4340828734375 0.7794797546875001 0.36467881874999997 0.7379674875 0.38074655156250004
0 0.7024651078125 0.20087401875 0.769091103125 0.1956892265625 0.7678078546875 0.13861312812499998 0.6514009203125 0.113530140625 0.5922531296875 0.139346359375 0.7024651078125 0.20087401875
0 0.23535508906249997 0.658578234375 0.1696221328125 0.6467592468750001 0.16144599531249998 0.6801715374999999 0.2229189125 0.6915936796875 0.23535508906249997 0.658578234375
0 0.2400516109375 0.7729288515625 0.17050513125 0.752211134375 0.1704025578125 0.7949189890625 0.23430317656250002 0.80087163125 0.2400516109375 0.7729288515625
0 0.5900266484375 0.7115523359375 0.4909575609375 0.6823887953125001 0.4712382828125 0.7318127546875 0.583385175 0.7564988984375 0.5900266484375 0.7115523359375
0 0.349857225 0.3531357578125 0.2576709828125 0.355939490625 0.24037940624999998 0.399893946875 0.349308134375 0.40434550468749997 0.349857225 0.3531357578125
0 0.23727385 0.21449583906249997 0.15771889375 0.221324065625 0.1588533046875 0.2812341265625 0.238259425 0.2772398625 0.23727385 0.21449583906249997
0 0.24893571718750002 0.5630171875000001 0.1840957953125 0.534194421875 0.181221578125 0.548165815625 0.181965775 0.5339960015624999 0.16437652187500001 0.5836183828125 0.2444242640625 0.6081621671875 0.24893571718750002 0.5630171875000001
0 0.8585014828125 0.250722628125 0.7869297937499999 0.23856540937499998 0.775704615625 0.2951645234375 0.8722004828125 0.3041535640625 0.8585014828125 0.250722628125
0 0.8534356187500001 0.3078955046875 0.7971410375 0.31912134375 0.7963248453125 0.3739451140625 0.8713842890624999 0.35897733125000003 0.8534356187500001 0.3078955046875