0 0.3361890015625 0.719235084375 0.715734365625 0.790896109375 0.5746290375 0.6914406859375 0.3556363578125 0.6487320359375001 0.3361890015625 0.719235084375
0 0.2953095125 0.1583973796875 0.32705138125 0.0076122046875000005 0.0729596578125 0.0016981546875 0.0671150890625 0.053778382812500004 0.2953095125 0.1583973796875
0 0.049461846875 0.21108427500000002 0.2560608484375 0.30255747187500004 0.285910340625 0.15992025781250002 0.065249921875 0.0703986625 0.049461846875 0.21108427500000002
0 0.028798834375 0.39520983125 0.2282563203125 0.46808823281249995 0.269412340625 0.3274899171875 0.0493193359375 0.21235416406250002 0.028798834375 0.39520983125
0 0.2092217921875 0.5965865796875 0.231717084375 0.4783657859375 0.025573876562499997 0.4239470515625 0.0214550796875 0.46064914999999995 0.0262496875 0.5635913234375 0.2092217921875 0.5965865796875
0 0.20674414843750002 0.6186645640624999 0.027061801562499998 0.581027725 0.0332333453125 0.7135332484375 0.18531070624999998 0.7274233640625 0.20674414843750002 0.6186645640624999
0 0.6869243734375 0.039165378125 0.8388881734375 0.16632150625 0.8617962953125 0.1060960125 0.8214133765625 0.06341770468749999 0.6869243734375 0.039165378125
0 0.4172235140625 0.0999364328125 0.412543446875 0.1827559328125 0.643216446875 0.12138265781249999 0.773723146875 0.2124911859375 0.8024320640625 0.12113349375 0.6914017140625 0.039972775 0.6013323625 0.0237306203125 0.4172235140625 0.0999364328125
0 0.46044369218750003 0.24931461093750001 0.6259516656249999 0.234111015625 0.8221738328124999 0.356376928125 0.8329299203125 0.2810887625 0.6444159046875 0.13125243281250001 0.4711997765625 0.1740264453125 0.46044369218750003 0.24931461093750001
0 0.3773847140625 0.3727031140625 0.6060716312500001 0.3495855921875 0.7610398593750001 0.3871844 0.7729954015625 0.32176600781250003 0.6057375265625 0.24977276406249999 0.3925258015625 0.27889874375 0.3773847140625 0.3727031140625
0 0.3632856296875 0.56001231875 0.57917149375 0.58928941875 0.74375523125 0.6028795859375 0.7540197562500001 0.5114136499999999 0.5896523593749999 0.4753377203125 0.377718815625 0.47251594375000006 0.3632856296875 0.56001231875
0 0.43256043593750004 0.4566629 0.595590765625 0.463537290625 0.8005829343749999 0.548770790625 0.8131087656249999 0.4577126359375 0.6185776140625 0.36149426406249996 0.453069640625 0.376697859375 0.43256043593750004 0.4566629
0 0.4045395703125 0.644679421875 0.5821208515625 0.6863560296875 0.7746857625 0.7178633265625 0.7804276781249999 0.62558183125 0.5814327984375 0.5896972 0.4112646046875 0.584753465625 0.4045395703125 0.644679421875
0 1 0.22872621406250002 0.8817153671875 0.15473755625000002 0.8773892484375001 0.2344030609375 0.9933449953125001 0.290709371875 1 0.25573494218750004 1 0.22872621406250002
0 0.7856588453125 0.25003962031250004 0.8949682859375001 0.3244543578125 0.9170308984375 0.2512050921875 0.80044598125 0.159389246875 0.7856588453125 0.25003962031250004
0 1 0.303552384375 0.9257221718749999 0.25599021093749996 0.9062748109375001 0.32649325625 0.9890188765625 0.3703748734375 1 0.3381267296875 1 0.303552384375
0 0.88195089375 0.39933474375 0.9752935890625001 0.45156325468749997 0.9905722828125001 0.37709065 0.892490640625 0.346532340625 0.88195089375 0.39933474375
0 0.8803776421875 0.49558579375 0.9716753671875 0.5249207625000001 0.985892215625 0.45991014999999996 0.900886846875 0.4156207515625 0.8803776421875 0.49558579375
0 0.86163818125 0.5597808484375 0.9499667031250001 0.5950160296875 0.9619222468749999 0.5295976390625 0.8774084375 0.5014860109375 0.86163818125 0.5597808484375
0 0.8548933 0.7226736296875 0.9272550765625001 0.7357225875 0.9381487703125 0.6797661890625 0.8597109796875 0.6591858953124999 0.8548933 0.7226736296875
0 0.851766640625 0.8122089062500001 0.927805515625 0.813049653125 0.938207653125 0.740915484375 0.8501543515625001 0.744343834375 0.851766640625 0.8122089062500001
0 0.3023070796875 0.20754771249999998 0.3048264484375 0.27917309375 0.416200703125 0.2735145484375 0.42872653437499997 0.18245639375 0.3023070796875 0.20754771249999998
0 0.3303107890625 0.052085257812499994 0.3221699578125 0.12462720625000001 0.44054446875000003 0.0977062375 0.45221088125 0.010525325 0.41655516875 0.0096954296875 0.3303107890625 0.052085257812499994
0 0.259108121875 0.624889503125 0.36397368124999996 0.6566711515625 0.3846992265625 0.5542203453125001 0.2676029015625 0.5491935578125 0.259108121875 0.624889503125
0 0.284651346875 0.45895096406249997 0.394963753125 0.4627544125 0.41024245 0.38828180625000003 0.2821935484375 0.378062121875 0.284651346875 0.45895096406249997
0 1 0.668395009375 0.972284690625 0.6633971234375 0.97446726875 0.705622434375 1 0.708888828125 1 0.668395009375
0 0.763222434375 0.4294097109375 0.872531878125 0.5038244484375001 0.9026565921874999 0.399850765625 0.7818242859375 0.3458828921875 0.763222434375 0.4294097109375
0 0.740254775 0.798535684375 0.8369993499999999 0.7998924546875 0.843586775 0.7206347296875 0.7506569125 0.7264015171875 0.740254775 0.798535684375