0 0.15910149843750002 0.0646832171875 0.0229202546875 0.117690434375 0.025168984374999998 0.19189864843749999 0.1741146125 0.143902771875 0.3196461453125 0.1799453515625 0.3235997640625 0.1051588234375 0.15910149843750002 0.0646832171875
0 0.17420525625 0.1811032671875 0.0551923375 0.20770374687499998 0.0506991953125 0.2732383390625 0.17870128125 0.25820269218749997 0.2979846796875 0.2718866765625 0.301578615625 0.1909322 0.17420525625 0.1811032671875
0 0.1709710015625 0.2682256953125 0.0320029421875 0.3090897734375 0.0385664203125 0.3859964296875 0.1906585421875 0.3563116484375 0.31129002968749997 0.357466959375 0.308861453125 0.280174765625 0.1709710015625 0.2682256953125
0 0.1824793828125 0.39428321875 0.0381175359375 0.413944990625 0.03209646875 0.4889242859375 0.180773053125 0.471960946875 0.3012247 0.4700322828125 0.30796513124999997 0.40738889375 0.1824793828125 0.39428321875
0 0.3102153078125 0.552914125 0.306078965625 0.48198265312500005 0.1861668421875 0.4931632515625 0.059872528125000005 0.5018381734374999 0.057984921875 0.505114921875 0.0517840109375 0.5770102390625 0.184640359375 0.5739249562500001 0.3102153078125 0.552914125
0 0.1850000421875 0.580092909375 0.075425165625 0.5903096624999999 0.06751649374999999 0.668565703125 0.20729455625 0.677238021875 0.3223524109375 0.654107053125 0.3176765453125 0.5739236546875001 0.1850000421875 0.580092909375
0 0.20405886093749998 0.69304345 0.08738243125 0.68841861875 0.0791140734375 0.7605067046875 0.21376883124999999 0.78826119375 0.32577083125 0.7840196265625 0.3148019734375 0.6672140390625 0.20405886093749998 0.69304345
0 0.202263334375 0.8048376968750001 0.080372959375 0.782094546875 0.0666216140625 0.8670968406249999 0.2009166875 0.8886833812500001 0.3261319546875 0.861504590625 0.32163593125 0.7844051640624999 0.202263334375 0.8048376968750001
0 0.1976809921875 0.904488803125 0.086847234375 0.8931177187499999 0.0789385578125 0.9713737578125 0.1961545078125 0.985250509375 0.3230775421875 0.9517110000000001 0.3099520328125 0.8692146953125001 0.1976809921875 0.904488803125
0 0.41403094218750003 0.23005908281249998 0.317938375 0.18630607500000002 0.3327716515625 0.26244165 0.40450369531249997 0.28055932499999997 0.41403094218750003 0.23005908281249998
0 0.4228417078125 0.30985694375 0.317670778125 0.28865561875 0.315245090625 0.353997440625 0.4191571265625 0.35361093125 0.4228417078125 0.30985694375
0 0.41852840625 0.3784755109375 0.32063887812499997 0.375199746875 0.324595378125 0.44304723749999997 0.41457478906249995 0.45326203906250007 0.41852840625 0.3784755109375
0 0.41700192031250005 0.45923722343750006 0.3241464953125 0.47099579843750006 0.3258557078125 0.5359520843750001 0.42509332187500004 0.5266991765625 0.41700192031250005 0.45923722343750006
0 0.4175428890625 0.5398061609375 0.32918204218749997 0.557347159375 0.3414083453125 0.624423575 0.4211397078125 0.6014857046875 0.4175428890625 0.5398061609375
0 0.43345520937500004 0.63444560625 0.332689665625 0.653143209375 0.33889345625 0.7238819125 0.44001868125000004 0.7113522624999999 0.43345520937500004 0.63444560625
0 0.42680541875 0.73428948125 0.34896166875 0.7539506078125 0.36064845 0.8117750953125 0.43228985 0.7926922734375 0.42680541875 0.73428948125
0 0.43489682187499995 0.8017514406249999 0.33044669843749996 0.86420303125 0.343212525 0.9405313828124999 0.456920853125 0.8586120828125001 0.43489682187499995 0.8017514406249999
0 0.5005027328125 0.144477825 0.409084590625 0.10959120781250001 0.41358061562500004 0.186690634375 0.493942140625 0.2102051875 0.5005027328125 0.144477825
0 0.5062576453125 0.2431650875 0.41915424375 0.2109769125 0.41861616250000006 0.27304198749999997 0.4970900796875 0.29983329062499997 0.5062576453125 0.2431650875
0 0.5100343046875 0.30792860312500003 0.43057198750000003 0.299833940625 0.43192151250000005 0.358622271875 0.509316384375 0.3669097046875 0.5100343046875 0.30792860312500003
0 0.5019457859374999 0.3831006625 0.43129279218749994 0.3834868515625 0.43264231875 0.44227518281249995 0.5005085015625 0.4297458625 0.5019457859374999 0.3831006625
0 0.5023069109375 0.4605856265625 0.43956403593750004 0.4540327859375 0.444868621875 0.50935160625 0.50536420625 0.513013234375 0.5023069109375 0.4605856265625
0 0.44612895 0.6022564515625 0.5181300328125 0.5893415859375 0.510218471875 0.5249636062499999 0.43803755000000005 0.5347945000000001 0.43579025937500004 0.5319032875 0.44612895 0.6022564515625
0 0.5086934296875001 0.6770423265625001 0.4383109171875 0.7177129843750001 0.446222478125 0.7820909640625 0.529369371875 0.746431646875 0.5086934296875001 0.6770423265625001
0 0.5796140203125 0.574306590625 0.5167819453125 0.6018702640625 0.538626140625 0.65564693125 0.5935480953125001 0.63502228125 0.5796140203125 0.574306590625
0 0.5772703203125 0.248946853125 0.5038305109375 0.2371899 0.51758474375 0.2948216203125 0.57826016875 0.3015672296875 0.5772703203125 0.248946853125
0 0.58401508125 0.4002544921875 0.5143504890624999 0.38194405 0.51084575 0.42878201718750003 0.5786227359375 0.450369203125 0.58401508125 0.4002544921875
0 0.530449859375 0.8362525140624999 0.45215723125 0.8838622078125 0.4653719359375 0.9322419906249999 0.5500467609374999 0.8871379703125 0.530449859375 0.8362525140624999
0 0.574661903125 0.16857067812499998 0.5029298625 0.150453009375 0.5087739765625 0.2150237578125 0.5782587234375 0.2302502203125 0.574661903125 0.16857067812499998
0 0.8650041609375 0.15700292031250002 0.7561486578125 0.17955558124999998 0.7530036 0.23256149375000001 0.8725560421875 0.21521294375000002 0.8650041609375 0.15700292031250002
0 0.74203763125 0.258389925 0.7441957218749999 0.29539764375 0.8819955343749999 0.27014621875 0.8832529750000001 0.22041705312499998 0.7392508125 0.2462467859375 0.74203763125 0.258389925
0 0.8806474453125 0.282674896875 0.7486903046875 0.3011800609375 0.7513879203125 0.347439715625 0.8837047421875001 0.33510250625000004 0.8806474453125 0.282674896875
0 0.9071660578125 0.34531795625 0.7519274421875 0.3566916515625 0.7530971265625 0.4123960015625 0.904200846875 0.40140785156250003 0.9071660578125 0.34531795625
0 0.8976388109375 0.3958182046875 0.7575917109375 0.41817841875 0.7523792046875 0.471377109375 0.9015953124999999 0.463665696875 0.8976388109375 0.3958182046875
0 0.8910782234375001 0.4615455671875 0.7694583328125 0.4790868875 0.76163885625 0.5232264109375 0.8944952015625001 0.520141128125 0.8910782234375001 0.4615455671875
0 0.89539440625 0.5355610109375 0.7788978203125 0.5340201687499999 0.7774605328125 0.5806653609375 0.8960245718750001 0.582013440625 0.89539440625 0.5355610109375
0 0.905464059375 0.6369467156249999 0.9042943703124999 0.5812423640625 0.777755928125 0.5899840953125 0.7767426125 0.6396464625 0.905464059375 0.6369467156249999
0 0.9086997546875001 0.6211412968750001 0.77898990625 0.642537665625 0.773237878125 0.6864844203125 0.9102291234375001 0.683013603125 0.9086997546875001 0.6211412968750001
0 0.567210759375 0.6467802125000001 0.522985740625 0.672608965625 0.5442904078125 0.7171337 0.5871673421875 0.7038336234375 0.567210759375 0.6467802125000001
0 0.7123797265625 0.5340208203125 0.694850278125 0.4829425859375 0.6469986765625 0.4995414734375 0.667255503125 0.544429690625 0.7123797265625 0.5340208203125
0 0.645230025 0.41625203906249997 0.644779703125 0.3728835890625 0.5805145203125 0.37587181875 0.5824871515625001 0.409699196875 0.645230025 0.41625203906249997
0 0.5922014484375 0.7188679687499999 0.5336841140625 0.7491300843750001 0.5527414937499999 0.7907636140625 0.6048766343749999 0.7579958234374999 0.5922014484375 0.7188679687499999
0 0.635253896875 0.4947008390625 0.5818598734375 0.5058807843750001 0.6010970875 0.5505982953124999 0.6422662546875 0.5436589359374999 0.635253896875 0.4947008390625
0 0.634717259375 0.6280829296875 0.5886046296874999 0.6571884328125 0.6097294546875001 0.698629184375 0.6558420859375 0.6695236890625 0.634717259375 0.6280829296875
0 0.573597278125 0.8632369078125001 0.6103610625 0.8163986171875001 0.5897757578125 0.7842097921875 0.5531918171875 0.83413205625 0.5443824937499999 0.8256512031250001 0.573597278125 0.8632369078125001
0 0.7086001828125 0.3266232828125 0.645317784375 0.31081850625 0.649723165625 0.35071744531250004 0.708151303125 0.35457184375 0.7086001828125 0.3266232828125
0 0.5807472015624999 0.3156475703125 0.516398321875 0.3136628375 0.5126379390625 0.363917296875 0.5847409890625 0.3611867203125 0.5807472015624999 0.3156475703125
0 0.645332271875 0.5511602484375 0.5887959140625 0.5684086109375001 0.600370678125 0.629210146875 0.6548814234375 0.600173721875 0.645332271875 0.5511602484375
0 0.650023496875 0.7463458875 0.6006050125 0.7709151984375 0.6168089343750001 0.8193081875000001 0.67450211875 0.7760019609375 0.650023496875 0.7463458875
0 0.7191163859375 0.6919959890625 0.7624589828125 0.6779739578124999 0.7405264921875 0.6460843296875 0.7061533484375 0.6583129859375 0.7092782546875 0.6609748375 0.70373871875 0.6598581234374999 0.7191163859375 0.6919959890625
0 0.6385645140625 0.687529715625 0.6014719390625001 0.71693821875 0.6143192984375 0.75366725 0.6609601015625 0.7273607765625 0.6385645140625 0.687529715625
0 0.6379782078125 0.31031135625 0.586823090625 0.3051002859375 0.5859561671875 0.3590772640625 0.6391943140625 0.35411334375000003 0.6379782078125 0.31031135625
0 0.6789543671875 0.599925315625 0.644060596875 0.6211441890625 0.6624633265625001 0.66134755 0.7053428187499999 0.6393840875000001 0.6789543671875 0.599925315625
0 0.7400624609374999 0.5922314484375 0.6975877203125 0.59818794375 0.7097987828125001 0.6469532250000001 0.7540092281249999 0.624865665625 0.7400624609374999 0.5922314484375
0 0.6240305171875 0.23176569531250002 0.581903096875 0.2436782640625 0.59278320625 0.292567646875 0.6455582515625 0.2796622875 0.6240305171875 0.23176569531250002