0 0 0.6663178453125 0.449686696875 0.596635275 0.43563588593749997 0.5239466765625 0.44603600625000006 0.3480583515625 0 0.41320756562499994 0 0.6663178453125
0 0.48270162812499995 0.5057824875 0.5035310734375 0.60954419375 0.9770086921875001 0.5467920281249999 0.9805160859375001 0.46071445312500003 0.97833979375 0.4142256890625 0.936107584375 0.296811103125 0.47770105 0.342098609375 0.48270162812499995 0.5057824875
0 0.8607588187499999 0.2225870015625 0.4821934953125 0.26747092499999997 0.488790715625 0.35153294218750003 0.9209536546875 0.3142867421875 0.8607588187499999 0.2225870015625
0 0.2224573265625 0.17809793125 0.13911071875 0.27421395312499997 0.3486312875 0.2576011859375 0.383925115625 0.1585645953125 0.2224573265625 0.17809793125
0 0.40209822187500005 0.148718728125 0.37487488125 0.24955987343750002 0.5765717312499999 0.236413734375 0.5722534031250001 0.1441679234375 0.40209822187500005 0.148718728125
0 0.59307554375 0.13404504374999998 0.6160605015625 0.2269873609375 0.8257044515624999 0.213010184375 0.7786314109375 0.11728978593749999 0.59307554375 0.13404504374999998
0 0.302451128125 0.6358683093749999 0.0116741234375 0.6795176171875 0.0326269515625 0.7859149234375 0.33338319375 0.7279795921875001 0.302451128125 0.6358683093749999
0 0.6489812671874999 0.5890373390625 0.3392908640625 0.6267189484375 0.3360322296875 0.72770258125 0.65403988125 0.6970967156250001 0.6489812671874999 0.5890373390625
0 0.9761627765625001 0.5675522921875 0.70473439375 0.5858556765625 0.6849646390624999 0.675323409375 0.9725754109375 0.65559255625 0.9761627765625001 0.5675522921875
0 0.9719185953125 0.6717119734375 0.5059406484375 0.7178805828125 0.5074865625 0.8077678109375 0.9678130203125 0.77247 0.9719185953125 0.6717119734375
0 0 0.8243008140624999 0.023946859374999997 0.8848169796875001 0.476068275 0.8189987406249999 0.474645746875 0.7317471109375 0 0.79956581875 0 0.8243008140624999
0 0.661624146875 0.8022434859375001 0.3673344375 0.8277206453125 0.3685102078125 0.9097010890625 0.6567615609375 0.8689643874999999 0.661624146875 0.8022434859375001
0 0.07606234843750001 0.9979610875 0.3722003078125 0.9927919796875001 0.4967163046875 0.9757493546875 0.48784018749999997 0.8998711359374999 0.06171560625 0.952376875 0.07606234843750001 0.9979610875
0 0.9567194828125001 0.8508399843750001 0.5278224859375 0.9009871453124999 0.5176618265624999 0.9682620671875 0.94717573125 0.9312928828124999 0.9567194828125001 0.8508399843750001
0 0.8391237484375 0.0447516328125 0.7639637031250001 0.0314232125 0.752199096875 0.0644354109375 0.8435001124999999 0.08137294375000001 0.9247565484375 0.05433640468749999 0.9232759796875 0.02270926875 0.8391237484375 0.0447516328125
0 0.777523215625 0 0.77431308125 0.025043978124999998 0.8285276015624999 0.0458596796875 0.952045228125 0.011755350000000001 0.9524009140624999 0 0.8489515375 0 0.83714965625 0.00258211875 0.8308000734375 0 0.777523215625 0
0 0.536428278125 0.0274203640625 0.452559325 0.0456736453125 0.45920313593750006 0.0744816484375 0.539665009375 0.051316296875 0.536428278125 0.0274203640625
0 0.62144928125 0.01115395 0.550079684375 0.02493915625 0.5513559046875 0.0522011078125 0.6247841875 0.0371469578125 0.62144928125 0.01115395
0 0.533564040625 0.0793496921875 0.45069988906249997 0.09644422968750001 0.45729461406249994 0.1242036953125 0.5399624296875001 0.10291500625000001 0.533564040625 0.0793496921875
0 0.6196880218749999 0.064021609375 0.547117278125 0.074771409375 0.5536138359375 0.10043379687500001 0.619714015625 0.087199621875 0.6196880218749999 0.064021609375
0 0.54585559375 0 0.5183880828125 0.0040187765625000005 0.5226786999999999 0.0278045046875 0.5719167359374999 0.016333614062499998 0.569396121875 0 0.54585559375 0
0 0.6805649593750001 0.007079507812499999 0.6731646796875 0.029980423437499997 0.7016946296875 0.051231421875 0.7111045046875 0.02601301875 0.6782608515625 0.0031057734375 0.6805649593750001 0.007079507812499999
0 0.719908078125 0.10095663437499999 0.6754716953125001 0.07926165156250001 0.66937073125 0.1072950390625 0.7101055203125 0.11778674062500001 0.719908078125 0.10095663437499999
0 0.711367590625 0 0.713065015625 0.0226469984375 0.7583329437499999 0.016859617187500002 0.758510940625 0 0.711367590625 0
0 0.8339729796875 0.09429710625 0.7704194281250001 0.0714402140625 0.7636081781249999 0.10692357187499998 0.83569096875 0.13099589218750002 0.9586258046875 0.087584059375 0.9560993546875001 0.05623816875 0.8339729796875 0.09429710625
0 0.9469378140625 0.1320067359375 0.8386591828125001 0.1717786171875 0.847656190625 0.2056088890625 0.9529695125 0.170361775 0.9469378140625 0.1320067359375
0 0.9272374328125 0.2088773671875 0.9681963375 0.197546653125 0.9670646890624999 0.17337298750000002 0.9238534406250001 0.181835825 0.9272374328125 0.2088773671875
0 0.8621189625 0.24308227656249998 0.8780513875 0.26670428125 0.9506452171875001 0.23382500312499999 0.9430456921875001 0.20722428124999998 0.8763824828125 0.23105403125 0.8621189625 0.24308227656249998
0 0.8452250093749999 0.13105257812499999 0.8509621968750001 0.163116390625 0.915370378125 0.13636144375 0.9106379921875 0.1031388875 0.8400046765625 0.1326521453125 0.8452250093749999 0.13105257812499999
0 0.6317758609374999 0 0.6254453859375 0.0286484578125 0.6574545921875 0.033730584375 0.6623673250000001 0 0.6317758609374999 0