0 0.1019543375 0 0.0971173828125 0.0263518515625 0.3035627359375 0.0188664078125 0.29788179531250003 0 0.1019543375 0
0 0.113164746875 0.11237726875000001 0.302304540625 0.11499778125 0.2793777546875 0.02308866875 0.09409425625 0.042821925 0.090818240625 0.060669728125 0.113164746875 0.11237726875000001
0 0.2976379890625 0.20419034218749998 0.29158574375 0.10962500625 0.11547414687499999 0.12530320781249998 0.1242180296875 0.192450634375 0.2976379890625 0.20419034218749998
0 0.208789978125 0.7264979484375 0.10358490468749999 0.7384900546875001 0.10380789374999999 0.7882904468749999 0.228690640625 0.7711243890625 0.208789978125 0.7264979484375
0 0.3613218125 0.7244985359375 0.24314428437500002 0.730642028125 0.2455651828125 0.768468159375 0.3654468890625 0.7657940765625 0.3613218125 0.7244985359375
0 0.278373796875 0.29540701875 0.2775507453125 0.2455352890625 0.12457665625 0.2364282953125 0.1403925046875 0.28615245 0.278373796875 0.29540701875
0 0.48029716406249995 0.11937070000000001 0.5057093890625 0.0352800015625 0.30769749375 0.013350406249999999 0.31935575156249996 0.07213630625 0.48029716406249995 0.11937070000000001
0 0.45242432031249996 0.18968906875 0.47731048125 0.12205328281250001 0.29774473125 0.067573296875 0.306764171875 0.0727908765625 0.316140003125 0.157600434375 0.45242432031249996 0.18968906875
0 0.44294674531249995 0.35003458125 0.2989326953125 0.33287984375 0.2931375296875 0.37804098750000004 0.44078311406250004 0.40258889375000007 0.44294674531249995 0.35003458125
0 0.44809705624999996 0.2947976921875 0.43889942031249995 0.249784125 0.2973459953125 0.24640171406250003 0.2986951046875 0.2798185375 0.44809705624999996 0.2947976921875
0 0.2324791203125 0.6269759296874999 0.0879390140625 0.6262761078125 0.0917487421875 0.67346525625 0.243433125 0.66242075625 0.2324791203125 0.6269759296874999
0 0.2345833515625 0.56115629375 0.09906268593749999 0.5656740578125 0.09326751718750001 0.6108352015625 0.097484509375 0.6150387859374999 0.234820946875 0.61421760625 0.2345833515625 0.56115629375
0 0.25466706875 0.4925065046875 0.0891014015625 0.48405408281250006 0.0965426640625 0.5386363984375 0.2566610296875 0.53599906875 0.25466706875 0.4925065046875
0 0.25671190625 0.4134215375 0.1114675453125 0.3893806390625 0.11949426562500001 0.44077337187500004 0.252147046875 0.465468846875 0.25671190625 0.4134215375
0 0.27322348125 0.35064390625 0.12071605 0.31181668125 0.126927003125 0.3595128296875 0.265612546875 0.39210846718750003 0.27322348125 0.35064390625
0 0.37467740156249996 0.640434084375 0.281089059375 0.63392636875 0.2699059890625 0.6812630953125 0.36765192343750003 0.6787090625000001 0.37467740156249996 0.640434084375
0 0.392885953125 0.5548223796875 0.274114453125 0.5496238203125 0.26416169218749996 0.6038467109375001 0.3889065484375 0.6036801078125 0.392885953125 0.5548223796875
0 0.4075817640625 0.48834816718749996 0.2857641859375 0.4725668609375 0.2836005546875 0.5251211687499999 0.4005562859375 0.5266231515625 0.4075817640625 0.48834816718749996
0 0.395219253125 0.4062211984375 0.288453878125 0.40355764375 0.28869146875 0.45661895625 0.40143020625 0.45391734531249994 0.395219253125 0.4062211984375
0 0.7556200015625001 0.264840990625 0.6344832734375 0.253376184375 0.61782238125 0.2978402765625 0.741503415625 0.3070198328125 0.7556200015625001 0.264840990625
0 0.928192290625 0.2391841328125 0.8054581421875 0.213269709375 0.7806149734375001 0.2560061703125 0.9078884031250001 0.268766703125 0.928192290625 0.2391841328125
0 0.8085445359375001 0.10384521718749999 0.6796230765625 0.0653345265625 0.66041786875 0.1120838640625 0.7861950765625 0.13299588125 0.8085445359375001 0.10384521718749999
0 0.7016762109375 0.3703718796875 0.5949271281249999 0.3548765078125 0.58621428125 0.4023443140625 0.699770103125 0.419276878125 0.7016762109375 0.3703718796875
0 0.709228559375 0.348486759375 0.609659009375 0.3227674234375 0.6017338624999999 0.3563137 0.7034199953125 0.3801319640625 0.709228559375 0.348486759375
0 0.8536251531250001 0.4188906125 0.7510671390625 0.3901923125 0.7385360234375 0.43920189687500005 0.841508940625 0.46563982812500004 0.8536251531250001 0.4188906125
0 0.8677737625 0.3514387609375 0.768204215625 0.3257194234375 0.759034378125 0.3660468171875 0.8590188203125001 0.3895057796875 0.8677737625 0.3514387609375
0 0.8769435984375 0.3111113671875 0.7752574734375 0.28729310625000004 0.771150590625 0.319297609375 0.8703052390625 0.3472773140625 0.8769435984375 0.3111113671875
0 1 0.45964979531249994 0.9663932734375 0.4497447046875 0.912648946875 0.5017922875 1 0.529684309375 1 0.45964979531249994
0 1 0.4101096484375 0.9428162234374999 0.40485101874999996 0.9391242406250001 0.4345951515625 0.9893028640624999 0.4404940546875 1 0.4438256375 1 0.4101096484375
0 1 0.35628003124999996 0.99784733125 0.35542310312500003 0.9404891703124999 0.35974816718749997 0.9393707593749999 0.3947316375 0.999302496875 0.395645915625 1 0.3958794546875 1 0.35628003124999996
0 1 0.280934678125 0.9597007359375 0.2839734203125 0.9632724828124999 0.3222951578125 1 0.3189782921875 1 0.280934678125
0 0.76255194375 0.20243132031250002 0.6447629625 0.189300903125 0.6381246015625 0.22546685625000001 0.75977394375 0.246456278125 0.76255194375 0.20243132031250002
0 0.773339278125 0.1436616546875 0.659783459375 0.12672909062499998 0.6595369359375 0.16659260625 0.767572809375 0.1847076421875 0.773339278125 0.1436616546875
0 0.94213668125 0.1581702296875 0.8323570312499999 0.13029510625000001 0.8283343359374999 0.18110118125000002 0.9312651578125 0.198138328125 0.94213668125 0.1581702296875
0 0.45022166406249997 0.301742459375 0.2926705328125 0.28429385156250003 0.29539969374999997 0.3342987421875 0.445786184375 0.3502345890625 0.45022166406249997 0.301742459375
0 0.534875809375 0.4244052984375 0.47616122812499995 0.41991672343750003 0.4752549015625 0.457291134375 0.530789703125 0.47099405 0.534875809375 0.4244052984375
0 0.47189789062500004 0.42692513906249996 0.41209975468750004 0.4202306328125 0.41367446562500004 0.45219745468749994 0.46525985312499996 0.46308933437500005 0.47189789062500004 0.42692513906249996
0 0.54452435625 0.3669811328125 0.48770714843749996 0.3562646578125 0.4878907359375 0.3972655140625 0.54120030625 0.4008410484375 0.54452435625 0.3669811328125
0 0.5503135828125 0.31444074375 0.496889275 0.285239671875 0.4935422734375 0.31397448125 0.542101784375 0.34342845 0.5503135828125 0.31444074375
0 0.556758446875 0.253078321875 0.49430606250000003 0.225811234375 0.4889003734375 0.2605116953125 0.549700559375 0.281029609375 0.556758446875 0.253078321875
0 0.5670715390625001 0.17589180468750001 0.5083759375 0.15965845625 0.5071564703125 0.1978029375 0.5600824984375 0.2192184046875 0.5670715390625001 0.17589180468750001
0 0.6757461734375 0.4868523765625 0.613837971875 0.4776211 0.6098123921874999 0.510052828125 0.6675802703125 0.52609029375 0.6757461734375 0.4868523765625
0 0.6766705984375 0.4345648796875 0.620305778125 0.4213837921875 0.6141756140625 0.44953095468750004 0.668684990625 0.462320278125 0.6766705984375 0.4345648796875