0 0.4908818390625 0.3353471890625 0.511931575 0.38695859375 0.5887298359375001 0.3916929171875 0.7792124046875 0.3219465921875 0.7104694296875 0.2753196875 0.4908818390625 0.3353471890625
0 0.6158089375 0.4098095375 0.5555568421875 0.3960025625 0.49151102968749993 0.44326526875 0.5770583031250001 0.5250936109375 0.8005525359375 0.42336633749999997 0.7713023171875 0.388743346875 0.6158089375 0.4098095375
0 0.5276940671875 0.5993527734375 0.5217131015625001 0.641148946875 0.61108635 0.66744186875 0.7993655328125 0.5756549140625 0.7700185171875 0.5244291390625 0.6004082171875 0.6153484296875 0.5276940671875 0.5993527734375
0 0.60533125 0.7479778671874999 0.5367334703125 0.7262551312500001 0.5225036203125 0.7767383265625 0.6120382015625 0.8307025546875 0.8084049375 0.7025572718750001 0.779203115625 0.6762356703125 0.60533125 0.7479778671874999
0 0.61108635 0.66744186875 0.53211696875 0.6462011703125 0.49095321875 0.70347191875 0.6012632703125 0.762006334375 0.8058788874999999 0.625174034375 0.7746188843749999 0.6017159703125 0.61108635 0.66744186875
0 0.2374920671875 0.291766259375 0.1772561046875 0.280726415625 0.1526546546875 0.33169164375000004 0.22361714375 0.40312632031250006 0.3829526390625 0.3292918421875 0.357834928125 0.2917089046875 0.2374920671875 0.291766259375
0 0.1926798015625 0.43501085625 0.1617747234375 0.47242965937500003 0.2451347390625 0.5349845 0.390240384375 0.5116332156250001 0.3857045484375 0.4454149046875 0.263448696875 0.4732399671875 0.1926798015625 0.43501085625
0 0.249244271875 0.172201215625 0.13346950625 0.24401114062499998 0.1918731484375 0.296654346875 0.388723875 0.2515229734375 0.35513141875 0.1838872328125 0.249244271875 0.172201215625
0 0.253835346875 0.6037771234375 0.18319551875 0.5876850609375001 0.1855763640625 0.6401641265625 0.2502190984375 0.6952852359375 0.39929592187499996 0.6413027078125 0.37829458437499996 0.59799269375 0.253835346875 0.6037771234375
0 0.2647393421875 0.6946103859375 0.20228386406249999 0.6587627781250001 0.17358216875000002 0.718222215625 0.2612198921875 0.8027212796875001 0.41409042500000004 0.6876690703125 0.384969271875 0.6751831187499999 0.2647393421875 0.6946103859375
0 0.7477749328125001 0.2680500953125 0.7980264890625001 0.3459831015625 0.9388382937499999 0.297920459375 0.8722019062499999 0.25673140625 0.7477749328125001 0.2680500953125
0 0.7897937374999999 0.3574372484375 0.8068077625000001 0.4286113796875 0.9499197515625 0.419192153125 0.918450015625 0.3597613984375 0.7897937374999999 0.3574372484375
0 0.7965168234375 0.4429290671875 0.8052012984375001 0.5089545656250001 0.9627206015625 0.479490575 0.927199021875 0.436855415625 0.7965168234375 0.4429290671875
0 0.6331040671875 0.8850810906250001 0.545772875 0.85315749375 0.5420759578125 0.9308299546875001 0.6377044359374999 0.9623679203125001 0.823828634375 0.8568417171875 0.7903975062499999 0.8168772750000001 0.6331040671875 0.8850810906250001
0 0.2842471484375 0.83763349375 0.21130713281250002 0.7828980125 0.18878000156250002 0.833766834375 0.2619136140625 0.92170788125 0.4150906765625 0.8592311453124999 0.3961152625 0.807523334375 0.2842471484375 0.83763349375
0 0.8225863875 0.6437726859375 0.96161426875 0.6456147984375 0.9654241109375 0.5873122484375 0.8160084937500001 0.58318504375 0.8225863875 0.6437726859375
0 0.96670303125 0.72071711875 0.9672105328124999 0.709820828125 0.95569783125 0.6984794953125 0.8085340000000001 0.7246943124999999 0.8213671187499999 0.7905269968749999 0.96670303125 0.72071711875
0 0 0.22366465624999998 0.0216659265625 0.285189821875 0.14129893437500002 0.16337873593750002 0.0872697984375 0.149282540625 0 0.1905955546875 0 0.22366465624999998
0 0 0.41268520468750003 0.146705953125 0.37902208125 0.133937365625 0.3242579203125 0 0.3534841453125 0 0.41268520468750003
0 0 0.5442271484375001 0.0295021953125 0.561613625 0.157997140625 0.5362664703125 0.1388926609375 0.462421615625 0.031124790625 0.4840375703125 0 0.4818751484375 0 0.5442271484375001
0 0 0.6126930421875 0.03197984375 0.6306954734375 0.1605393203125 0.616416840625 0.1602005265625 0.558307103125 0.037912409375 0.580597909375 0 0.5594461265625 0 0.6126930421875
0 0 0.7192348140625 0.024440815625 0.7611362234375 0.16747213593750002 0.7378813453124999 0.15258083281249998 0.6749122015625 0.03855773125 0.6912831171875 0 0.6638054015625 0 0.7192348140625
0 0 0.788570021875 0.0164984609375 0.8223987203125 0.1616686359375 0.8101159578124999 0.1447514125 0.7555446078125 0.0224632921875 0.7778354125 0.0033588140625 0.7039905640625 0 0.70639634375 0 0.788570021875
0 0.3777392171875 0.1468540609375 0.39473710624999997 0.21526105625 0.5292452828124999 0.1536519890625 0.4728998328125 0.09814524531249999 0.3777392171875 0.1468540609375
0 0.653543190625 0.12019625625000001 0.6539142515624999 0.1838402515625 0.6665376359375 0.2137002421875 0.7719246625 0.13960521875 0.736499878125 0.1135728375 0.653543190625 0.12019625625000001
0 0.3827106421875 0.28778488750000003 0.403776509375 0.342163421875 0.5301003343749999 0.3003098875 0.513263778125 0.25957419531250003 0.3827106421875 0.28778488750000003
0 0.520302678125 0.043352406249999996 0.535193984375 0.1063215515625 0.6635921312499999 0.0643716140625 0.613582575 0.0279455625 0.520302678125 0.043352406249999996
0 0.005345625 0.3330022953125 0.144325103125 0.326543015625 0.1273272125 0.25813601406250003 0.007048884375 0.26926189375 0.005345625 0.3330022953125
0 0.5316099984375 0.20336392499999997 0.6561176328125 0.20588088437500002 0.6432522515625 0.13451394375 0.5291323515624999 0.134282075 0.5316099984375 0.20336392499999997
0 0.203060690625 0.08023974375000001 0.203560815625 0.1660207828125 0.3858429015625 0.11326286562500001 0.37744882031250004 0.0970457140625 0.3066960578125 0.061583734375 0.203060690625 0.08023974375000001