0 0.3341063359375 0.7877238359375001 0.47612872343749996 0.8383493218750001 0.527925309375 0.7828520921875 0.4446044921875 0.7305855171875 0.30010595 0.7376713046875001 0.3341063359375 0.7877238359375001
0 0.4624006921875 0.62503575 0.3234302390625 0.6699263921874999 0.330705059375 0.6947949625 0.4508620078125 0.7236153765625 0.505741253125 0.72403379375 0.550930978125 0.678093953125 0.4624006921875 0.62503575
0 0.4808750984375 0.54071179375 0.30579793125 0.564273603125 0.3484705265625 0.628845678125 0.46308914375 0.6330613984375 0.5186568390625 0.6415054609374999 0.5367409249999999 0.612569396875 0.4808750984375 0.54071179375
0 0.4875331734375 0.4651536 0.3093221296875 0.4988005578125 0.350967171875 0.544734084375 0.47461758749999994 0.54768193125 0.5128101359375 0.5666873828125001 0.5625311265625 0.500313371875 0.4875331734375 0.4651536
0 0.4584236421875 0.3788794734375 0.32501200468749997 0.4219744890625 0.3635334109375 0.46479300468750007 0.46530814375 0.45913593906249994 0.525735965625 0.47095889375000005 0.56049650625 0.436635953125 0.4584236421875 0.3788794734375
0 0.49425271249999997 0.31039444843749997 0.339335221875 0.315896971875 0.35908409375 0.3796259046875 0.478562834375 0.3872205109375 0.5320446953125 0.3979879515625 0.5692301750000001 0.3719545390625 0.49425271249999997 0.31039444843749997
0 0.509613725 0.209755315625 0.35396681406249997 0.2600328328125 0.3831070765625 0.3067064796875 0.502606303125 0.2879007640625 0.5515466546875001 0.33230254531250003 0.5880436828125 0.2982434828125 0.509613725 0.209755315625
0 0.5190563328125 0.12669923125 0.36549525781250003 0.17465336874999998 0.40608201250000003 0.24154882500000002 0.5196935625 0.20072567187499998 0.5644622390625 0.24977421249999998 0.5884442484375 0.22965542343749998 0.5190563328125 0.12669923125
0 0.53891788125 0.045226406250000004 0.395775746875 0.094763803125 0.40128335000000004 0.15896897968749998 0.5194056812500001 0.12411197031250001 0.56382500625 0.1757477625 0.6051924078125 0.1318674296875 0.53891788125 0.045226406250000004
0 0.5240927375 0.7981117546875 0.55916165 0.814002196875 0.6241514671874999 0.7657904890625 0.5710599265625 0.6996351546875 0.525890690625 0.7191746671875 0.5240927375 0.7981117546875
0 0.5656137875 0.5562290203125 0.5391658671874999 0.62085891875 0.5940246265625 0.6476776578125001 0.6235756921875 0.6125630875 0.5656137875 0.5562290203125
0 0.5861637843749999 0.48278184062499996 0.5308737359375 0.5641516390625 0.604494784375 0.583260121875 0.6246647046875 0.552000678125 0.5861637843749999 0.48278184062499996
0 0.582793240625 0.35025248750000004 0.546614825 0.421324775 0.6011344796875 0.4375306109375 0.629288165625 0.4127650625 0.582793240625 0.35025248750000004
0 0.6689498 0.329020371875 0.626883709375 0.3780752203125 0.67408756875 0.42221312187500004 0.7022412515625 0.3974475796875 0.6689498 0.329020371875
0 0.6738611421875 0.26639846093749997 0.6335315390625 0.3157171859375 0.69046589375 0.353412703125 0.72140410625 0.3211492625 0.6738611421875 0.26639846093749997
0 0.6836234359375 0.6665737734375 0.648862896875 0.7008967125 0.6932822265625 0.75253250625 0.7210865625 0.7303542171874999 0.6836234359375 0.6665737734375
0 0.6469614406249999 0.4656172140625 0.61531429375 0.516255325 0.664264884375 0.5474569453125 0.6927679109375 0.52010414375 0.6469614406249999 0.4656172140625
0 0.7588262546875 0.437730346875 0.7285867374999999 0.46481927343749996 0.76397426875 0.517722940625 0.7907305609375 0.50330641875 0.7588262546875 0.437730346875
0 0.6913500390625 0.556853490625 0.6680667265625 0.5717977609375 0.7003306203124999 0.621586415625 0.726388221875 0.6123444124999999 0.6913500390625 0.556853490625
0 0.61944391875 0.11819103281250001 0.586399384375 0.1791781640625 0.6388024734375 0.23730785625 0.6704291328124999 0.21307006562500003 0.61944391875 0.11819103281250001
0 0.7475129234375 0.245906459375 0.707193565625 0.2820250265625 0.7509244453125 0.3256351703125 0.7839382500000001 0.3042485171875 0.7475129234375 0.245906459375
0 0.7561031859375 0.36602727968750004 0.7855927921875 0.41011367343750005 0.8165207625 0.39105039218750004 0.8095850453125 0.3767947265625 0.7908637265625 0.331704340625 0.7561031859375 0.36602727968750004
0 0.6292051421875 0.07214816562500001 0.599993178125 0.11787563906250001 0.656567940625 0.171358571875 0.678464109375 0.153563165625 0.6292051421875 0.07214816562500001
0 0.74730805625 0.5099096578125 0.7194934796875 0.5452881046875 0.7496817796874999 0.584199978125 0.776438075 0.5697834625 0.74730805625 0.5099096578125
0 0.5985445734375 0.1942254671875 0.5672570125 0.229076159375 0.6186120609375 0.29496761718750003 0.6495400328125001 0.27590434375 0.5985445734375 0.1942254671875
0 0.646313965625 0.4047909265625 0.6198865296875 0.44302051093749995 0.679256065625 0.4758053890625 0.685873165625 0.45304783437499996 0.646313965625 0.4047909265625
0 0.756648890625 0.3590692921875 0.72453798125 0.3110641125 0.700535490625 0.3575832171875 0.7390671390625 0.3872015765625 0.756648890625 0.3590692921875
0 0.7879255453125 0.5372046312500001 0.75767578125 0.57749371875 0.79169665625 0.6011459296874999 0.8146306234375 0.5887889140625 0.7879255453125 0.5372046312500001
0 0.8404413109375 0.45013256406249996 0.8195829375000001 0.4733663625 0.8351703781250001 0.528541896875 0.8601901812499999 0.5138614984375 0.8404413109375 0.45013256406249996
0 0.6850402390625 0.1836062515625 0.64956051875 0.24950402187499998 0.6957368234375 0.275003375 0.7228527109375 0.2447994421875 0.6850402390625 0.1836062515625
0 0.7322861453125 0.6211616890625 0.7006389937499999 0.6717997984374999 0.74160583125 0.696507515625 0.7704582078125 0.6665674593750001 0.7322861453125 0.6211616890625
0 0.6399130453125 0.5965633046875001 0.5954117671875 0.6505287890625 0.6408791390624999 0.694402815625 0.675999265625 0.6442924578125 0.6399130453125 0.5965633046875001
0 0.789281959375 0.5796562453125 0.7621660718750001 0.609860178125 0.7860968625 0.65574219375 0.81355185 0.6361511640625 0.789281959375 0.5796562453125
0 0.8554529765625001 0.35208069375 0.8356324015625001 0.3807528796875 0.8557511046874999 0.4154942390625 0.8835452 0.40651610624999995 0.8554529765625001 0.35208069375
0 0.7276570203125 0.7363830765625 0.700684734375 0.7590104484375 0.7197758515625 0.8242723703125 0.7932505375 0.781985434375 0.7276570203125 0.7363830765625
0 0.710039296875 0.37038824843749996 0.677072403125 0.40710952499999997 0.723829253125 0.4396161296875 0.7455553890625 0.43203130312500004 0.710039296875 0.37038824843749996