0 1 0.9672777343750001 0.963671934375 0.8699284031250001 0.7554086437499999 0.8898999765625 0.797120890625 0.987586396875 1 0.9698823000000001 1 0.9672777343750001
0 0.7456027578125 0.7998854843750001 0.7772900484374999 0.8846349390625001 0.9559516609375001 0.8544833578125001 0.920794196875 0.79205769375 0.7456027578125 0.7998854843750001
0 0.739740259375 0.71617810625 0.7561272140625 0.8043300015625 0.9171838109375001 0.7800889484375 0.9014365609375 0.7177371328125 0.739740259375 0.71617810625
0 0.7622964203125 0.2226478296875 0.8582083 0.20570945312500002 0.8523195140625001 0.159125425 0.7388026140624999 0.1819743296875 0.7622964203125 0.2226478296875
0 0.6214825359375 0.232808659375 0.730057059375 0.22063753749999998 0.723502278125 0.1853767796875 0.6129560609375 0.1943943421875 0.6214825359375 0.232808659375
0 0.747144834375 0.629783465625 0.7535966203125 0.6764016296875 0.8960867718750001 0.6766085640624999 0.8757883937500001 0.6309433375 0.747144834375 0.629783465625
0 0.5805188453125 0.805467775 0.5666162265625 0.8855290765625 0.7522147640625 0.8952857921874999 0.73472678125 0.8409159046875001 0.5805188453125 0.805467775
0 0.5982682578125 0.738158934375 0.5829744453125 0.8027954703125 0.755230575 0.8440107687499999 0.7462951796875 0.8396191015625 0.7279482078124999 0.760775915625 0.5982682578125 0.738158934375
0 0.5887352984375 0.5876152328125 0.7238586515625001 0.5958390812500001 0.7240640640625 0.5532687187499999 0.5847391125 0.538324765625 0.5887352984375 0.5876152328125
0 0.5902758859375 0.639578 0.6039170703125001 0.6811954250000001 0.7351936265625 0.6766668171875 0.7301330359375 0.6454734156249999 0.5902758859375 0.639578
0 0.7517479171875 0.3170539234375 0.8854800734375001 0.3098530046875 0.8765726875000001 0.265907146875 0.737574528125 0.284485028125 0.7517479171875 0.3170539234375
0 0.7573127000000001 0.378752971875 0.8821094593750001 0.36716038125 0.8823148734374999 0.32459001875000004 0.877935875 0.32088609375 0.751038315625 0.32911863124999996 0.7573127000000001 0.378752971875
0 0.7465752859375 0.4440772578125 0.900633834375 0.4429873875 0.8875248515624999 0.392321425 0.7397686984375 0.4034914515625 0.7465752859375 0.4440772578125
0 0.7537086609375 0.51818489375 0.8907554109375001 0.5327849671875 0.8774690296875001 0.485135184375 0.751990678125 0.4692383015625 0.7537086609375 0.51818489375
0 0.7456042515625 0.5778207015625 0.8910541953125 0.6058609796875001 0.8798686109375 0.5615712453125 0.747910459375 0.5386103906249999 0.7456042515625 0.5778207015625
0 0.6187253625 0.312190128125 0.7060065328125 0.313192625 0.71094574375 0.26829383125 0.6208541703125 0.275995996875 0.6187253625 0.312190128125
0 0.6116573437499999 0.393283053125 0.7220753078125 0.39169193125 0.7250911203125 0.3404169078125 0.609761959375 0.3473526375 0.6116573437499999 0.393283053125
0 0.6056537265624999 0.4562789109375 0.7200958890625 0.4644240671875 0.716099703125 0.4151336078125 0.6077825375 0.42008477343750006 0.6056537265624999 0.4562789109375
0 0.626456303125 0.5324497859374999 0.72548326875 0.5291392953125 0.719208884375 0.4795049546875 0.61527071875 0.4881600546875 0.626456303125 0.5324497859374999
0 0.309336075 0.6843210187500001 0.42265612812500003 0.6884644125 0.43298831875 0.6459557046875 0.317576378125 0.64408880625 0.309336075 0.6843210187500001
0 0.1526908171875 0.7177063265625 0.2691367703125 0.7352828031249999 0.287232025 0.6939458609375 0.1680896796875 0.6889236375000001 0.1526908171875 0.7177063265625
0 0.2787690125 0.837834471875 0.40237353125 0.866860471875 0.4147976171875 0.8220752703124999 0.29610864062500003 0.809344728125 0.2787690125 0.837834471875
0 0.3471745703125 0.5826483437500001 0.44765067812500003 0.591344934375 0.45029077968750003 0.5464577515625 0.3433566734375 0.5367863828125 0.3471745703125 0.5826483437500001
0 0.3426883765625 0.6035358078125 0.43769239375 0.6221887374999999 0.44119268125 0.59037015625 0.34444844531249996 0.5736110156249999 0.3426883765625 0.6035358078125
0 0.20113517500000003 0.545509775 0.29924246718749997 0.5667875765625 0.305237290625 0.52025029375 0.20700427656249998 0.5011099765625 0.20113517500000003 0.545509775
0 0.1957491 0.609390628125 0.29075311406250004 0.628043559375 0.2946305578125 0.5898125249999999 0.199500825 0.5732970796875 0.1957491 0.609390628125
0 0.1918716546875 0.6476216640625 0.2886158859375 0.664380803125 0.2887614578125 0.6342123187500001 0.19388316249999998 0.6134219046875 0.1918716546875 0.6476216640625
0 0.0231420671875 0.4555247171875 0.022067409375 0.473796115625 0.0235978484375 0.506655265625 0.093340884375 0.5227698046875 0.137097784375 0.4711500671875 0.032783929687500005 0.4446225109375 0.0231420671875 0.4555247171875
0 0.07321257656249999 0.53267038125 0.024246478125000002 0.5205815953124999 0.025838262499999997 0.5547578453125 0.0649945140625 0.5616203953125 0.12026464218749999 0.5634935453125001 0.12028449375000001 0.5354625453125 0.07321257656249999 0.53267038125
0 0.0690836953125 0.575176390625 0.0262528234375 0.563658646875 0.02781754375 0.59725380625 0.0750189671875 0.61273210625 0.127562975 0.605567925 0.12460526718750001 0.5727745671875 0.0690836953125 0.575176390625
0 0.068038240625 0.6483382671875 0.029716873437500003 0.638033184375 0.031289051562499996 0.6717884875 0.065901015625 0.684675509375 0.1184450265625 0.6775113359375 0.11076953593750001 0.641849409375 0.068038240625 0.6483382671875
0 0.310047703125 0.7430918906249999 0.42046224531250004 0.748975675 0.42247375312499996 0.7147759109375 0.30759287031250004 0.70174859375 0.310047703125 0.7430918906249999
0 0.306779003125 0.7986665000000001 0.41371311093749996 0.8083378671875 0.409392340625 0.7710258421875 0.30742745 0.7599480765625 0.306779003125 0.7986665000000001
0 0.1490411078125 0.7942655249999999 0.2537321171875 0.8143806187499999 0.2516544453125 0.766624865625 0.15453305 0.756278178125 0.1490411078125 0.7942655249999999
0 0.5875188687499999 0.6331955421875 0.7351931265625 0.6409586171874999 0.7269636171875 0.5943194578125001 0.586086925 0.587582415625 0.5875188687499999 0.6331955421875
0 0.495244746875 0.5230259765625 0.5500487 0.5240346265625 0.546622059375 0.48901569531250005 0.49370693593750004 0.47921275 0.495244746875 0.5230259765625
0 0.5531911796875 0.5172454359375 0.6092487828125 0.5202591937500001 0.6041450375 0.4904347578125 0.5552025890625 0.48304733125 0.5531911796875 0.5172454359375
0 0.492875521875 0.5772797671875 0.5466356765625 0.5842187265625001 0.541787415625 0.5458659124999999 0.4920855140625 0.545417796875 0.492875521875 0.5772797671875
0 0.49351762812500005 0.6267542546875 0.5462496906250001 0.6511728828125001 0.5460657171875 0.6241050140625 0.49780314218750005 0.5991853609375 0.49351762812500005 0.6267542546875
0 0.49456014687499994 0.6845187875 0.555419546875 0.7066371921875 0.5564584578125 0.6738756234375 0.4978969359375 0.65798234375 0.49456014687499994 0.6845187875
0 0.493831465625 0.7572995015624999 0.549958034375 0.769298278125 0.546733078125 0.733541803125 0.4953501546875 0.716380759375 0.493831465625 0.7572995015624999
0 0.3578600796875 0.47225311875 0.41615826718750004 0.47752574531249997 0.416179909375 0.44696194218749996 0.36093353281249996 0.435096025 0.3578600796875 0.47225311875
0 0.3629716796875 0.5212265859375 0.41659475625000003 0.5304961687499999 0.41905135312499997 0.5038268734375 0.367188659375 0.49482300468749996 0.3629716796875 0.5212265859375