0 0.130433259375 0.8468612828125 0.06487817343749999 0.9461498484374999 0.40619217343749997 0.9230226078125 0.4211937703125 0.82471886875 0.130433259375 0.8468612828125
0 0.1603449421875 0.7699362843750001 0.16370009218749998 0.8018746765625 0.3381908265625 0.7751393640625001 0.3280930515625 0.747904290625 0.1603449421875 0.7699362843750001
0 0.178862903125 0.8084372390624999 0.18386875625000001 0.838867109375 0.3551978796875 0.81647960625 0.350471615625 0.7887112703125 0.178862903125 0.8084372390624999
0 0.1462491703125 0.732964709375 0.1518409875 0.766956546875 0.32738044843749997 0.7450235078125 0.324257209375 0.7152927250000001 0.1462491703125 0.732964709375
0 0.13034458124999998 0.69699260625 0.1376241625 0.7278127999999999 0.3117881796875 0.712024478125 0.3055717171875 0.6720864890625 0.13034458124999998 0.69699260625
0 0.12487891250000001 0.64496374375 0.132939303125 0.68321663125 0.3063225140625 0.659995615625 0.2927303421875 0.626798028125 0.12487891250000001 0.64496374375
0 0.1138814609375 0.5979901812499999 0.1217856875 0.63475653125 0.2891686328125 0.612131196875 0.288201646875 0.5836884 0.1138814609375 0.5979901812499999
0 0.11013357500000001 0.5623132421875 0.11372529843750001 0.59650364375 0.28342065625 0.576652825 0.2818290234375 0.5422638671875 0.11013357500000001 0.5623132421875
0 0.10744880781249999 0.5175185124999999 0.1096650875 0.557853625 0.2864238375 0.5282893296875 0.2773003265625 0.4991542375 0.10744880781249999 0.5175185124999999
0 0.09582670625 0.46459879531250003 0.1003554015625 0.507708425 0.269582275 0.483397990625 0.2613657203125 0.4436585625 0.09582670625 0.46459879531250003
0 0.082204515625 0.41187764062500004 0.091670365625 0.46350938125 0.2608972359375 0.43919894687500005 0.2647412546875 0.437315284375 0.263744253125 0.3893489140625 0.082204515625 0.41187764062500004
0 0.0652729078125 0.3084155921875 0.0704262515625 0.3574713828125 0.2478096484375 0.333853240625 0.2409685390625 0.2879690953125 0.0652729078125 0.3084155921875
0 0.0655191140625 0.3684728359375 0.06864235156250001 0.39820361875 0.25480692031249996 0.38122392656250004 0.24705885312500003 0.345944115625 0.0655191140625 0.3684728359375
0 0.0496506265625 0.255892996875 0.0521792328125 0.2992011921875 0.2377191546875 0.27627534531250003 0.23381510468750002 0.23911186875 0.0496506265625 0.255892996875
0 0.0274034265625 0.19801993125 0.0310251640625 0.2517338953125 0.230097234375 0.2229585046875 0.2155680859375 0.1808416765625 0.0274034265625 0.19801993125
0 0.25266284687499996 0.1876733421875 0.261816365625 0.2363320046875 0.42735538125000005 0.215391775 0.41682641406250004 0.1728778296875 0.25266284687499996 0.1876733421875
0 0.272597628125 0.24277189375 0.274970071875 0.2845935484375 0.45113418593750004 0.268606665625 0.4367612 0.2279763796875 0.272597628125 0.24277189375
0 0.2913731625 0.344548840625 0.292526325 0.3940017484375 0.45406515937499997 0.3734586390625 0.451848878125 0.333123521875 0.2913731625 0.344548840625
0 0.299775890625 0.40529837031250004 0.299835921875 0.444345509375 0.465687259375 0.42637835781250005 0.46378330156249997 0.38901631718749996 0.299775890625 0.40529837031250004
0 0.31846138281249997 0.4485046125 0.3254586546875 0.4958752984375 0.477465521875 0.4807846140625 0.47462459375000005 0.43450334375 0.31846138281249997 0.4485046125
0 0.31698980625 0.49220992656250007 0.317518321875 0.5357166796875 0.49493173281249997 0.5316221078125001 0.4986195890625 0.52825190625 0.49993500468749996 0.483060053125 0.31698980625 0.49220992656250007
0 0.3573016875 0.704234184375 0.36695154375 0.7500303359375 0.53639998125 0.7278134046875 0.5363281171875001 0.6810663875 0.3573016875 0.704234184375
0 0.5116139640624999 0.4227755984375 0.5249310796875 0.4574182578125 0.64832319375 0.43437892187499993 0.62800955 0.4022290921875 0.5116139640624999 0.4227755984375
0 0.47619279375 0.2698454890625 0.49706731406250004 0.307334353125 0.6221061078125001 0.2769385953125 0.606768409375 0.2460930046875 0.47619279375 0.2698454890625
0 0.49399685781249997 0.347200384375 0.5003174359375 0.3843358671875 0.6296202890625 0.3714991546875 0.625694209375 0.3341259546875 0.49399685781249997 0.347200384375
0 0.48518127343749995 0.1250942125 0.49445721875000004 0.1673310140625 0.6235731109375 0.152714625 0.6154189031249999 0.121155884375 0.48518127343749995 0.1250942125
0 0.504035203125 0.166380146875 0.4987572109375 0.2082635671875 0.6120464078125 0.2042095796875 0.6154907765625001 0.16790290000000002 0.504035203125 0.166380146875
0 0.529907025 0.4587225015625 0.53768731875 0.48672188906249997 0.6568513140625 0.4694970140625 0.646302615625 0.4381759890625 0.529907025 0.4587225015625
0 0.34427276562500003 0.6189442015625 0.35109768125 0.6574791296875 0.518948534375 0.6428793296875 0.507271046875 0.6110175921875001 0.34427276562500003 0.6189442015625
0 0.268076240625 0.29010691718750004 0.273011290625 0.337084721875 0.468343503125 0.3197566734375 0.45284504375 0.27795519375 0.268076240625 0.29010691718750004
0 1 0.3870815296875 0.9984927875 0.3727340546875 0.8993352828125 0.3890270375 0.9047766812500001 0.389814425 0.904001590625 0.41644316718749996 0.9790505140624999 0.3996994546875 1 0.39665180625 1 0.3870815296875
0 1 0.42525460937500004 0.9339425718750001 0.4294018125 0.9243285203125 0.4569080546875 1 0.44939566875 1 0.42525460937500004
0 1 0.6787423312499999 0.9475166734375 0.6776410859374999 0.893076115625 0.6525111828125 0.879788446875 0.6790545359375 0.9346430796874999 0.708126103125 1 0.7048225046875001 1 0.6787423312499999
0 1 0.5063871234375 0.9215361171875 0.4983405515625 0.9081104281249999 0.5235700203125 0.998846484375 0.53713110625 1 0.5369910515625 1 0.5063871234375
0 0.47819189531250006 0.34188809375 0.6247806812500001 0.32600771093750003 0.6150605062500001 0.284489821875 0.475680925 0.30098209531250003 0.47819189531250006 0.34188809375
0 0.263721103125 0.170679459375 0.453703084375 0.1597842859375 0.44531010000000004 0.096893209375 0.2473173078125 0.11654920625000001 0.263721103125 0.170679459375
0 0.0294062765625 0.18464825 0.21027324531249997 0.17200279999999998 0.20516633125 0.123388978125 0.014244703124999999 0.14234297499999998 0.0294062765625 0.18464825
0 0.6468922 0.168391284375 0.7351409671875 0.15333164375 0.724633153125 0.11784276875 0.6379308484374999 0.13148916093750002 0.6468922 0.168391284375
0 0.640887684375 0.2080388890625 0.7373926140625 0.1908998828125 0.7280635281250001 0.166631525 0.6321882671875 0.1736302171875 0.640887684375 0.2080388890625
0 0.6498742125 0.26131495312499997 0.7270358359375 0.25365463125 0.7338261703125 0.221487365625 0.6435070671875 0.2329733671875 0.6498742125 0.26131495312499997
0 0.65760139375 0.334871653125 0.7288139578124999 0.318983853125 0.7252777890625 0.2853223109375 0.647093578125 0.2993827828125 0.65760139375 0.334871653125
0 0.669000815625 0.36271365312500004 0.74126113125 0.35679964218750004 0.7346320484375 0.32596460625 0.66108721875 0.33578531875 0.669000815625 0.36271365312500004