0 0.006659007812499999 0.12706145 0.009347214062500001 0.17835545625 0.0672622109375 0.19287246875 0.2239236375 0.1504811703125 0.0399781796875 0.1070643453125 0.006659007812499999 0.12706145
0 0.0303730484375 0.0550581921875 0.0121396890625 0.0567774953125 0.0031269859375 0.0596664375 0.005760709375 0.1099208765625 0.0349943890625 0.1020104828125 0.15485884375 0.107279359375 0.19236403124999998 0.08717142343749999 0.0303730484375 0.0550581921875
0 0.1651513375 0.0423493671875 0.003020646875 0.0576373671875 0.003631709375 0.06929713125 0.039510409375 0.05739421875 0.1477438390625 0.0665217359375 0.1812139109375 0.0467942890625 0.1651513375 0.0423493671875
0 0.568279215625 0.50191474375 0.46573778906249996 0.5253933281250001 0.3083681453125 0.5402323890625 0.318095265625 0.57245799375 0.4738014609375 0.5715852984375001 0.5758685546875 0.545389540625 0.568279215625 0.50191474375
0 0.5514370937499999 0.428931515625 0.4650361390625 0.45088813906249997 0.3041057125 0.468824865625 0.3147815015625 0.5064848234375 0.47571192812499996 0.48854810000000004 0.545498071875 0.46539625312500005 0.5514370937499999 0.428931515625
0 0.5431395375 0.3579044828125 0.4396494421875 0.3759487140625 0.28940137187500004 0.3845924453125 0.3100447359375 0.432360128125 0.4593441359375 0.4182820453125 0.5609368984375 0.389369115625 0.5431395375 0.3579044828125
0 0.5262974140625001 0.284921253125 0.42684243593750004 0.3025849921875 0.260453890625 0.31275068125 0.2689918953125 0.3616598265625 0.4581681546875 0.341059684375 0.536024534375 0.31714685781249996 0.5262974140625001 0.284921253125
0 0.8088649796875 0.43139262812499996 0.691420459375 0.46772638750000006 0.6993389828125001 0.5023428890625 0.80625611875 0.4594239796875 0.8088649796875 0.43139262812499996
0 0.8118007 0.39448965937499997 0.6894713171875 0.435072946875 0.703902984375 0.464023415625 0.8094087390625001 0.42376352968750003 0.8118007 0.39448965937499997
0 0.7918364625 0.3445903828125 0.67222289375 0.3684989640625 0.679597653125 0.41074456562500006 0.7970421734375 0.3744108078125 0.7918364625 0.3445903828125
0 0.7906479875 0.3055503609375 0.6724458046875 0.3267999203125 0.6747188015625001 0.3720525265625 0.7954198906250001 0.3328857515625 0.7906479875 0.3055503609375
0 0.78056041875 0.258508678125 0.64596841875 0.282566671875 0.6614846109375 0.31772973125 0.787828228125 0.28939763125 0.78056041875 0.258508678125
0 0.539408178125 0.10190614687499999 0.4735280640625 0.07906994375000001 0.42533017968750003 0.1252927546875 0.47786015 0.14686185937500001 0.539408178125 0.10190614687499999
0 0.5490799515625 0.017638096875000002 0.541354396875 0.015751804687500003 0.46941868906249995 0.013658689062500002 0.46323349062499997 0.014241918749999999 0.45562592031250004 0.030239189062499998 0.5134745578125 0.05004380625 0.5490799515625 0.017638096875000002
0 0.0218179578125 0.41631144062500003 0.1824007484375 0.397080728125 0.181312803125 0.3547556265625 0.0196470984375 0.37488898437499996 0.0218179578125 0.41631144062500003
0 0.103408759375 0.3295736375 0.11616535624999999 0.366555684375 0.2377062390625 0.364994865625 0.23904379687500002 0.3606259734375 0.2708922171875 0.326509209375 0.103408759375 0.3295736375
0 0.9438537421875001 0.3917500921875 0.8168395015625001 0.4221121421875 0.8247350000000001 0.45530979374999997 0.9411752625 0.42453055156249997 0.9438537421875001 0.3917500921875
0 0.934624046875 0.3388786625 0.8229251218750001 0.3607252875 0.8298490734374999 0.38835751875 0.9348635703125 0.3643126921875 0.934624046875 0.3388786625
0 0.9240567937499999 0.290376121875 0.7972888015625 0.298086853125 0.8121116171875 0.3348740671875 0.9286716421874999 0.316811840625 0.9240567937499999 0.290376121875
0 0.9162844203124999 0.2458528109375 0.8016708515625 0.25100319375 0.803124809375 0.2833939890625 0.9069215109375 0.2764350640625 0.9162844203124999 0.2458528109375
0 0.8469083156250001 0.07702680468749999 0.7513731234375001 0.10724907343750001 0.7946372265625 0.1385259234375 0.8814217687499999 0.1063002765625 0.8469083156250001 0.07702680468749999
0 0.8427465765625 0.0499055171875 0.8572461328125 0.0279672921875 0.850225759375 0.024739042187499997 0.7630130828125 0.0222014125 0.6836837796874999 0.0443332328125 0.6975350484375 0.0755550328125 0.82929061875 0.0362603640625 0.8427465765625 0.0499055171875
0 0.0259499125 0.495153815625 0.026853510937500002 0.5123955109375 0.0478251140625 0.5549028578125 0.204607259375 0.5464812328125 0.179738640625 0.4852058 0.0259499125 0.495153815625
0 0.025110043749999998 0.4791281640625 0.22061151250000002 0.46226559843750004 0.25752172500000003 0.43015599375 0.02338795625 0.44626878437500006 0.025110043749999998 0.4791281640625