0 0.3078192078125 0.0690955875 0.2290660328125 0.12375399218750001 0.23400533124999998 0.17694379531249999 0.303808165625 0.1161746265625 0.43445975625 0.2141671375 0.4384123171875 0.189026496875 0.3078192078125 0.0690955875
0 0.3022384640625 0.144407365625 0.20819952812500003 0.21500355 0.21465004531249998 0.261899015625 0.30270259374999997 0.1945417875 0.39941306718749997 0.24298731718750002 0.40696915625 0.211515621875 0.3022384640625 0.144407365625
0 0.31444143750000003 0.2758174671875 0.21087106718749998 0.33404526562500003 0.21912335 0.377775203125 0.31490556718749996 0.3259518890625 0.4092916640625 0.3493669234375 0.4055145546875 0.30869236875 0.31444143750000003 0.2758174671875
0 0.316356434375 0.45441675468750004 0.4020827359375 0.4748498375 0.4120801671875 0.424531840625 0.310254946875 0.3887117046875 0.1983256140625 0.45577200781249994 0.21697068593750002 0.5125711234375 0.316356434375 0.45441675468750004
0 0.30589674375000003 0.3417795234375 0.19546834062500001 0.39385984218750003 0.21028810468749998 0.44060844687499995 0.3108360421875 0.394969328125 0.43329383281249995 0.42729350312500003 0.43277122187500006 0.3990974796875 0.30589674375000003 0.3417795234375
0 0.32513132499999997 0.526342715625 0.2110993953125 0.5847540875 0.21906112968749997 0.6253552140624999 0.3321629359375 0.5794958046875001 0.4208531921875 0.6092786078125 0.415623346875 0.5529599921874999 0.32513132499999997 0.526342715625
0 0.424803884375 0.6969587734375 0.2299283328125 0.697244459375 0.23428653906250002 0.7441766390625 0.4312544015625 0.7438542375 0.424803884375 0.6969587734375
0 0.36685499374999997 0.9079476328125 0.2876961734375 0.8905332156249999 0.2654354171875 0.944200315625 0.367319121875 0.9580820531249999 0.4925672859375 0.9527503390625001 0.490591940625 0.9089102562500001 0.36685499374999997 0.9079476328125
0 0.3433188203125 0.7673346671875 0.253349409375 0.7689134156249999 0.25532475625 0.812753496875 0.358138584375 0.8140832734375 0.471995065625 0.8214870953125001 0.47124039218749997 0.7682238625 0.3433188203125 0.7673346671875
0 0.9471309140624999 0.40887516718750005 0.7886378234375 0.43986153281249996 0.79177535625 0.49621686406250004 0.95148911875 0.4558073484375 0.9471309140624999 0.40887516718750005
0 0.9634034125 0.47126783124999994 0.8378062171874999 0.4954091328125 0.8559389656249999 0.5326978718750001 0.9668899765625 0.508813575 0.9634034125 0.47126783124999994
0 0.7536496140625 0.44674331250000004 0.6187530484375 0.4835834375 0.6228207046875001 0.5273868046875 0.757717271875 0.49054667968750004 0.7536496140625 0.44674331250000004
0 0.769805146875 0.553012775 0.6146250390625 0.5745392734375 0.6213661015625 0.6245635515625 0.7678864171875001 0.6000551 0.769805146875 0.553012775
0 0.97566486875 0.5807395359374999 0.859018015625 0.6109916015625 0.8639573140625 0.6641814046875 0.9812437421875 0.618248565625 0.97566486875 0.5807395359374999
0 0.7841570484375 0.7752685703125 0.6358934515625 0.78100415 0.6437967046875 0.8435436749999999 0.7846211734375 0.825402990625 0.7841570484375 0.7752685703125
0 1 0.7777488671875 0.81612281875 0.78097546875 0.8359988484375 0.8370370796875 1 0.83679665625 1 0.7777488671875
0 0.81763216875 0.8875019359375 0.6583259203125 0.8871634671875 0.6542563953125 0.9561809046875 0.8069951609375 0.9535007078125 0.81763216875 0.8875019359375
0 1 0.9149815453125001 0.8411702109375 0.91529409375 0.84430774375 0.9716494234375 1 0.9760259343750001 1 0.9149815453125001
0 0.4626278375 1 0.45455664375 0.9722207968750001 0.3523239078125 0.9771486453125 0.23759578593750003 0.9603583859375 0.234972565625 1 0.4626278375 1
0 0.5448806875 0.61337004375 0.4439855890625 0.5649979453125 0.443810140625 0.630813140625 0.543252503125 0.6635411812500001 0.5448806875 0.61337004375
0 0.569928078125 0.7476886687500001 0.45078326718749995 0.7059046296875 0.45240958437499995 0.7685542984375 0.56115131875 0.788583515625 0.569928078125 0.7476886687500001
0 0.57230906875 0.8636015734375 0.4779229734375 0.8401865390625 0.4721101640625 0.8904311046875 0.5755050859375 0.8980185046875 0.57230906875 0.8636015734375
0 0.5735105218750001 1 0.569633796875 0.9702014703125 0.47425909062500005 0.9812767984375 0.4780920328125 1 0.5735105218750001 1
0 0.42399819843750003 0.2143507125 0.426845184375 0.26757723125 0.49542548125 0.32905201875 0.514373253125 0.28484478750000003 0.42638105625 0.2174428109375 0.42399819843750003 0.2143507125
0 0.1937798046875 0.5787901843750001 0.09747497656250001 0.602417475 0.106308353125 0.6524050375 0.184654015625 0.6384946171875 0.1937798046875 0.5787901843750001
0 0.20598277812500002 0.7102002875 0.105551809375 0.7119626109375 0.11380409218750001 0.755692546875 0.1930213953125 0.7511685640625 0.20598277812500002 0.7102002875
0 0.2065620046875 0.82927871875 0.107642253125 0.8247467015625001 0.10688571093749999 0.8843042734375001 0.1935421375 0.8921853921875 0.2065620046875 0.82927871875
0 0.2118289640625 1 0.21638212031249998 0.9575967234375 0.108162996875 0.9657635296875 0.107908490625 1 0.2118289640625 1
0 0.1902403640625 0.2247204203125 0.10765159375 0.2606426703125 0.120960140625 0.3136856125 0.19669087968750001 0.2716158859375 0.1902403640625 0.2247204203125
0 0.1785562640625 0.347147953125 0.10730069687499999 0.3922730625 0.1155529765625 0.43600300000000003 0.18233337656249998 0.38782250937499996 0.1785562640625 0.347147953125
0 0.1803561609375 0.45680323281249996 0.1126456375 0.5175356875 0.12211859218750001 0.5518424734375 0.1868066765625 0.5036986984375 0.1803561609375 0.45680323281249996
0 0.10125395468750001 0.5302712234375 0.0255816984375 0.550402553125 0.030870028124999997 0.5847827703124999 0.097882490625 0.5616694890625 0.10125395468750001 0.5302712234375
0 0.0981749046875 0.45197749531250003 0.01889911875 0.478439878125 0.034009428125000005 0.52831729375 0.0923620984375 0.5022220625 0.0981749046875 0.45197749531250003
0 0.5445335250000001 0.5193588250000001 0.437710521875 0.452287284375 0.4414876328125 0.4929618390625 0.5381981062500001 0.5414073687500001 0.5445335250000001 0.5193588250000001
0 0.5709733015625 0.8040807140625 0.48495644843749997 0.7805188203125 0.488093984375 0.8368741500000001 0.5663811640625 0.8449021312499999 0.5709733015625 0.8040807140625
0 0.099216390625 0.734011153125 0.031745884375 0.7296237015625 0.03614160625 0.7769599046875 0.1000295484375 0.7653359875 0.099216390625 0.734011153125
0 0.08997363593749999 0.8375923828125 0.0433354796875 0.8544285390624999 0.04628399375 0.8861801859374999 0.0913678859375 0.87517484375 0.08997363593749999 0.8375923828125
0 0.0924807640625 1 0.08904164375 0.962965153125 0.053472340625 0.9635893078125 0.0568535015625 1 0.0924807640625 1
0 0.187265203125 0.8922955390625 0.10177096249999999 0.8969296671875 0.1106043390625 0.946917228125 0.185055925 0.9362090515625001 0.187265203125 0.8922955390625
0 0.34163588906250003 0.613802590625 0.2704972859375 0.615050903125 0.261080946875 0.6716265234375001 0.344773421875 0.670157921875 0.47414772968749996 0.6866911765625 0.4718818359375 0.63972228125 0.34163588906250003 0.613802590625
0 0.7925300296875 0.549480096875 0.8058385781249999 0.6025230406250001 0.9816512578125 0.5775005796875 0.9695633812500001 0.515034484375 0.7946223421874999 0.5494433828124999 0.7925300296875 0.549480096875
0 0.35604627187500004 0.8141199875 0.2292868890625 0.8257460406250001 0.23004156406249998 0.8790092749999999 0.36935481718749996 0.86716293125 0.45630179374999996 0.8781728624999999 0.44002929375 0.815780196875 0.35604627187500004 0.8141199875
0 0.5466277046875 0.40650130312500005 0.432946671875 0.3332822828125 0.4277149578125 0.3897844734375 0.5333757734375 0.4443407671875 0.5466277046875 0.40650130312500005
0 1 0.848462790625 0.8885971921875001 0.8392480140625 0.8285597250000001 0.8246319765625 0.7818892875000001 0.8411204812499999 0.9003945203124999 0.8985852984375 1 0.9022680890625001 1 0.848462790625