0 0.0118892828125 0.2008204578125 0.0249297953125 0.25524508125 0.11598680937500001 0.2438018140625 0.25131194687499997 0.2717189453125 0.24795251875000002 0.22734762968750002 0.1142882140625 0.18891485624999999 0.0118892828125 0.2008204578125
0 0.0227864734375 0.2773776234375 0.0372597 0.3341468734375 0.1311821453125 0.32739285625000003 0.26832894375 0.3409220421875 0.2597474109375 0.2896589921875 0.124931025 0.264228634375 0.0227864734375 0.2773776234375
0 0.052230182812500005 0.3421039453125 0.0629140171875 0.394326090625 0.144824959375 0.3894199328125 0.28035195156250003 0.39037313125 0.2754252390625 0.361633146875 0.14303281875 0.329417290625 0.052230182812500005 0.3421039453125
0 0.058922771875 0.4167429125 0.0682674359375 0.471736109375 0.15830694218750002 0.4553193078125 0.30177540625 0.4345304890625 0.28372613593749996 0.39754915 0.150394990625 0.4026707328125 0.058922771875 0.4167429125
0 0.07660935625000001 0.48456047968749993 0.088217153125 0.5366404796875 0.171788925 0.5212186812499999 0.310611315625 0.48703692031249995 0.2928837109375 0.4423109875 0.16849678437499999 0.46785938906249996 0.07660935625000001 0.48456047968749993
0 0.100161371875 0.5437805984375 0.11059083125 0.5947593546875 0.20139346875 0.5820727046874999 0.3209472265625 0.5328999999999999 0.3019739984375 0.49606080312499995 0.1969229859375 0.5276121703125 0.100161371875 0.5437805984375
0 0.12075441093749999 0.5931957796875 0.1275553078125 0.6357551390625 0.2202321296875 0.63688785625 0.3348181578125 0.5820668 0.3202103578125 0.5432735046875 0.208369953125 0.58356446875 0.12075441093749999 0.5931957796875
0 0.1299382453125 0.6520612765625 0.141291665625 0.7028978953125 0.2370620328125 0.6958595937500001 0.3535632703125 0.631766275 0.3340812890625 0.59244030625 0.227141328125 0.6473676 0.1299382453125 0.6520612765625
0 0.1392829109375 0.707054478125 0.151399459375 0.76162124375 0.24857628437499998 0.742823909375 0.35727061718750003 0.68249665 0.3452738796875 0.647149221875 0.24537769375 0.694580303125 0.1392829109375 0.707054478125
0 0.15895198906250002 0.756611803125 0.1662616359375 0.8016579281249999 0.2653126453125 0.796679965625 0.36929362499999996 0.7319477437499999 0.35637291875 0.6967424531249999 0.2595029953125 0.7449904859375 0.15895198906250002 0.756611803125
0 0.1723141625 0.8032918390624999 0.182234865625 0.85178383125 0.2748444046875 0.861904528125 0.3839949671875 0.77585671875 0.36931988437499996 0.746051396875 0.2644822296875 0.8019377921874999 0.1723141625 0.8032918390624999
0 0.1994126953125 0.9171146312499999 0.20579838281249999 0.9623029015625001 0.2977383375 0.9738091234375 0.404131775 0.8509924515625 0.3828018671875 0.8119507703125001 0.28495219843749997 0.9206278781250001 0.1994126953125 0.9171146312499999
0 0.3330066421875 1 0.4090847453125 0.8938360937500001 0.396859890625 0.8713489359375 0.3070715 0.9775033703125 0.2026112921875 0.9653582390625 0.208100278125 1 0.3330066421875 1
0 0.011335617187499999 0.38957991875000003 0.048706667187500004 0.390099171875 0.0413970171875 0.345053046875 0.0100241875 0.34450897343750003 0.011335617187499999 0.38957991875000003
0 0.013114698437499999 0.45072294843750005 0.0494812984375 0.44512827499999996 0.044019575 0.3997978625 0.011734378125 0.40328443593749996 0.013114698437499999 0.45072294843750005
0 0.015097512499999998 0.518867840625 0.0622936984375 0.5124131734375 0.056644879687500004 0.4568514046875 0.013505982812500001 0.46417052031250006 0.015097512499999998 0.518867840625
0 0.01542738125 0.5302046796875 0.01582134375 0.5437443328125 0.023650232812499998 0.5820116140625 0.087371975 0.5790935968750001 0.0725770875 0.530068940625 0.01542738125 0.5302046796875
0 0.09670514375 0.58278785 0.025824112500000003 0.59263745 0.036107896875 0.642904159375 0.1116608640625 0.6279402125 0.09670514375 0.58278785
0 0.1077368984375 0.6413690562500001 0.0369454390625 0.646998028125 0.047741153125000005 0.6997670406250001 0.11883594374999999 0.6909622859375 0.1077368984375 0.6413690562500001
0 0.1226253375 0.695509396875 0.0489544453125 0.7056975578125 0.058367674999999994 0.7517090375000001 0.1283414390625 0.74208319375 0.1226253375 0.695509396875
0 0.06947375781250001 0.803722696875 0.1436450828125 0.793594621875 0.138437734375 0.749507596875 0.060892225 0.75245965 0.06947375781250001 0.803722696875
0 0.16745147656249998 0.8540581234375001 0.15988745 0.8077686140625 0.070906475 0.80606731875 0.0774795484375 0.8451270859375001 0.0802254375 0.8585488781249999 0.16745147656249998 0.8540581234375001
0 0.10376213593750001 0.9433722734375 0.1775445125 0.94997676875 0.17612655625 0.91043685 0.0925022609375 0.8976513374999999 0.10376213593750001 0.9433722734375
0 0.100978746875 0.8924997515624999 0.1752698828125 0.9015910125 0.171401703125 0.8547329328125001 0.0935082703125 0.8513259234375001 0.100978746875 0.8924997515624999
0 0.2444322640625 0.186848615625 0.255692140625 0.23256955 0.33394825625 0.205140334375 0.4224057140625 0.241550153125 0.4178006640625 0.205065571875 0.33227592499999997 0.164357028125 0.2444322640625 0.186848615625
0 0.2681976390625 0.27040374843750004 0.2797118875 0.317368071875 0.3601375875 0.281909971875 0.436209359375 0.299704928125 0.43058680312500003 0.2582468171875 0.3513952234375 0.23451922656250002 0.2681976390625 0.27040374843750004
0 0.28525565625 0.3165152140625 0.2998897171875 0.36941216875 0.387478996875 0.3456771984375 0.45259779843750003 0.34720191875 0.4452208640625 0.311143771875 0.378067046875 0.299671978125 0.28525565625 0.3165152140625
0 0.2988984703125 0.37854228437500004 0.3129302296875 0.42383679687500003 0.40230015 0.40880551406250004 0.4694014390625 0.3920699921875 0.451258628125 0.3499729734375 0.391964240625 0.36294243593750003 0.2988984703125 0.37854228437500004
0 0.3094887609375 0.42564875156250004 0.3162896546875 0.46820810625 0.40827063125 0.45662269687499996 0.4774742234375 0.44084627187500003 0.45748348125 0.3990335390625 0.3967563796875 0.40965837499999996 0.3094887609375 0.42564875156250004
0 0.32116384062500003 0.46874077343750004 0.3382218625 0.5148522359375 0.420963221875 0.5046882593750001 0.48847971562500003 0.48532382343749997 0.477152559375 0.44859086406250004 0.408779384375 0.4591094625 0.32116384062500003 0.46874077343750004
0 0.3400697875 0.51456795 0.3461075515625 0.5533971531249999 0.4285945328125 0.5419897890625001 0.4941022734375 0.5267819390625 0.485386171875 0.4934948453125 0.4250742734375 0.5014907734375 0.3400697875 0.51456795
0 0.355373428125 0.566079378125 0.361504740625 0.610024259375 0.453324884375 0.602311146875 0.510973203125 0.562662040625 0.4984004203125 0.5338158156249999 0.441556259375 0.5541034406249999 0.355373428125 0.566079378125
0 0.36656601875 0.62078829375 0.3752148375 0.6630633640625 0.462643290625 0.6432006890624999 0.5171045140625 0.606606921875 0.5095667484375 0.5744210734374999 0.4509009234375 0.6090966421874999 0.36656601875 0.62078829375
0 0.38177612031249997 0.6671840375 0.3881618078125 0.71237230625 0.4805579890625 0.698157984375 0.5253381234375001 0.6515109046875 0.51579160625 0.6234816390625 0.46283038281250005 0.653432053125 0.38177612031249997 0.6671840375
0 0.38950097499999997 0.7096012515625 0.3971585484375 0.7610064421875 0.489139521875 0.749421034375 0.5356740375 0.6973739828125 0.525873140625 0.668101334375 0.4806515375 0.7032736640625 0.38950097499999997 0.7096012515625
0 0.41310551406249996 0.7970286875 0.417549734375 0.8373855593749999 0.509048215625 0.8374170375000001 0.556547715625 0.762136209375 0.5444836875 0.73577675625 0.49931460312500003 0.7991564078125 0.41310551406249996 0.7970286875
0 0.4194091578125 0.888400221875 0.42375983125000005 0.9236414140625 0.514012690625 0.9315596296875001 0.5646730203125 0.8391198046874999 0.54773480625 0.8122276796874999 0.5121795265625 0.8946486234375 0.4194091578125 0.888400221875
0 0.7501989015625 0.2488157109375 0.843679525 0.23443455625 0.836015453125 0.203174340625 0.7428734609375 0.21921072968750002 0.7501989015625 0.2488157109375
0 0.7642970421874999 0.3115253765625 0.8607904203125001 0.2932660796875 0.8527877078125 0.260350621875 0.755955696875 0.2769546875 0.7642970421874999 0.3115253765625
0 0.7649197 0.345576184375 0.8596303296875 0.3310058046875 0.8510748859374999 0.3015900484375 0.7581469984375 0.3124715046875 0.7649197 0.345576184375
0 0.7715678671874999 0.3718707046875 0.86470985625 0.35583431718749997 0.8576334843750001 0.33984965312500004 0.7689483578125 0.34666374218749996 0.7715678671874999 0.3718707046875
0 0.780103665625 0.45080205624999997 0.8804116000000001 0.43878523906250005 0.8744407031250001 0.415801190625 0.7731168625 0.42285230625 0.780103665625 0.45080205624999997
0 0.7964127578125 0.4995129484375 0.8909092859375001 0.49009749375 0.8798938218749999 0.4610601859375 0.7888732140625 0.47506288906250005 0.7964127578125 0.4995129484375
0 0.8018658765625 0.54477194375 0.9026369781250001 0.5412205218749999 0.899340203125 0.51270309375 0.797463621875 0.5232539 0.8018658765625 0.54477194375
0 0.6868874140625 0.5470943765625 0.7835053265624999 0.5356452359375 0.7770712609375 0.50419579375 0.6797760796875 0.5123344624999999 0.6868874140625 0.5470943765625
0 0.7000592203125 0.592873246875 0.7927730046875 0.587146715625 0.7876934796875 0.5623182046874999 0.6958710671875 0.5662002796875 0.7000592203125 0.592873246875
0 0.8113826203125001 0.6098937453125 0.8997291078125 0.601424421875 0.8936336765625 0.5716302062499999 0.802025371875 0.57035735 0.8113826203125001 0.6098937453125
0 0.7093268984375001 0.6443747281250001 0.80462523125 0.6450799078125 0.795178409375 0.6175086078125 0.7030173625 0.61973544375 0.7093268984375001 0.6443747281250001
0 0.5699907046875 0.360198290625 0.6388711625 0.34960165 0.6299770828125 0.318530659375 0.5644480125 0.32690438906249997 0.5699907046875 0.360198290625
0 0.5836256750000001 0.4144425640625 0.6501706515625 0.41103453281249996 0.6459824984375 0.3843615640625 0.5750702296875 0.3850268 0.5836256750000001 0.4144425640625
0 0.6111097234375 0.5177761734375 0.6628946015625 0.5166388546875 0.658153709375 0.49346558281249997 0.6042474484375 0.49663658593750004 0.6111097234375 0.5177761734375
0 0.4495790609375 0.31989779375 0.4617736609375 0.3618258828125 0.48897794375 0.359263121875 0.5364587859375 0.3438467453125 0.528007265625 0.3143218203125 0.481373440625 0.32798550937500004 0.4495790609375 0.31989779375
0 0.48819736406249997 0.3966978234375 0.5381341546875 0.387393121875 0.5311732250000001 0.35926125781249996 0.4809146484375 0.3669930875 0.48819736406249997 0.3966978234375
0 0.503373146875 0.44141203281249997 0.549481740625 0.431073890625 0.54304604375 0.399616471875 0.497666134375 0.40173063906250006 0.503373146875 0.44141203281249997
0 0.5103340765625 0.46954389687500003 0.5597456296875001 0.4635647484375 0.5519376828125 0.437185565625 0.5001885171875 0.443524334375 0.5103340765625 0.46954389687500003
0 0.5178534640625 0.5121912234375 0.5607774296875 0.503965384375 0.5529694796875 0.4775862015625 0.5099271765625 0.4793407453125 0.5178534640625 0.5121912234375
0 0.53431638125 0.5631969203125 0.567331459375 0.5418940953125 0.556017096875 0.51605434375 0.521596546875 0.5245943859375 0.53431638125 0.5631969203125
0 0.5174943328125 0.6047218328125 0.526707759375 0.6438637968750001 0.5626189015625 0.636716815625 0.5887062656250001 0.6051231359375 0.575257746875 0.5747445796874999 0.5502208484375 0.5996871515625 0.5174943328125 0.6047218328125
0 0.5389023625 0.685791884375 0.548437571875 0.72650671875 0.5766923203125 0.7172928546875 0.6013742078125001 0.6729364 0.592075671875 0.6451641515625 0.5719506625 0.682330075 0.5389023625 0.685791884375
0 0.5530608953125 0.754998203125 0.5627995546875 0.7908146140625 0.5935102453125001 0.7877124265625 0.619682725 0.7447490343750001 0.6057089703125 0.717696028125 0.5919532140625 0.7506373453124999 0.5530608953125 0.754998203125