0 0.519786015625 0.7086872718749999 0.7478948203125 0.7909357578125 0.8275133359375 0.746471434375 0.6318566390625 0.6561541765625 0.5488501203125 0.6550022984375 0.519786015625 0.7086872718749999
0 0.636069321875 0.5120307640624999 0.5340014109375 0.5929121609375 0.596799290625 0.648836328125 0.663188378125 0.6389077984375 0.8274058125 0.6741378984375 0.8631383953125 0.6393517984375 0.636069321875 0.5120307640624999
0 0.8809718828124999 0.475807378125 0.6904450296875 0.3620132078125 0.5912393359375 0.38297909531249996 0.5924134765625 0.42832347187500003 0.6724502515624999 0.41705732500000003 0.8430523140625 0.528405034375 0.8809718828124999 0.475807378125
0 0.711950371875 0.186866246875 0.60909970625 0.2375180640625 0.618035815625 0.292855528125 0.6943738578125 0.2751085390625 0.8719551296875 0.3662197625 0.9065942203124999 0.340339434375 0.711950371875 0.186866246875
0 0.6917686125 0.25972191875 0.56605029375 0.313592634375 0.603037659375 0.37840105625 0.6904450296875 0.3620132078125 0.8576859734375001 0.44582810312500004 0.8941744296874999 0.423188196875 0.6917686125 0.25972191875
0 0.24148729531250002 0.614249540625 0.156374440625 0.6851593734375 0.17637987500000002 0.7418559796875 0.2424044640625 0.73489604375 0.37153766718750003 0.744724909375 0.4032070140625 0.7064265578125 0.24148729531250002 0.614249540625
0 0.4339054375 0.5113149359375 0.281121825 0.4744753828125 0.183819265625 0.5348484640625 0.2122887859375 0.5775175984375001 0.2930276734375 0.5422308796875 0.42072976874999996 0.5820174984375 0.4339054375 0.5113149359375
0 0.2400142734375 0.8641764953125 0.35510840312499997 0.8602281906250001 0.3996426875 0.7903626328125 0.1940639203125 0.725947221875 0.12478573125 0.7777078765625001 0.2400142734375 0.8641764953125
0 0.306690403125 0.3028406765625 0.23040612187499998 0.356754434375 0.2212668109375 0.41288586250000003 0.2990897203125 0.40134788749999994 0.43192165937500004 0.41765759999999996 0.4598922734375 0.3728784015625 0.306690403125 0.3028406765625
0 0.3319751265625 0.188424709375 0.22732885781249998 0.272002871875 0.25066853125 0.3381489171875 0.322187459375 0.3047434765625 0.44876917968749996 0.33535249375 0.4815857859375 0.3243151296875 0.3319751265625 0.188424709375
0 0.8507186046875 0.7222005593749999 0.78701540625 0.8017658593749999 0.91911835 0.824012753125 0.9751874234375 0.7956410093749999 0.9774462343750001 0.7772444671875001 0.8507186046875 0.7222005593749999
0 0.8705089859375 0.6342300953125 0.84332113125 0.7092388749999999 0.9816742921875001 0.7171864640625001 0.9855221375 0.7114715109375 0.9928644875 0.651672871875 0.8705089859375 0.6342300953125
0 1 0.5804043125 0.8788655421874999 0.5478690828125 0.86126214375 0.618027990625 0.9949796281250001 0.6344464328125 1 0.5935587890625 1 0.5804043125
0 0.756012634375 0.047635746875 0.6494363484375001 0.0737233421875 0.6436581546875 0.1573875890625 0.7413789765625001 0.1302126796875 0.9016138203124999 0.2161806859375 0.9425031328125 0.1760010546875 0.756012634375 0.047635746875
0 0.3476485125 0.06077523124999999 0.25813480312500003 0.1492247859375 0.27592637343750004 0.2056495640625 0.361066115625 0.1528231203125 0.47733437968750003 0.19421919375000002 0.5041846203125 0.1402623921875 0.3476485125 0.06077523124999999
0 1 0.4099119546875 0.9144368375 0.40458267968749995 0.8997762968749999 0.46907622812499994 1 0.47387212500000003 1 0.4099119546875
0 1 0.2873066625 0.9315413296875 0.246975446875 0.9095102 0.31659069687499997 1 0.340045128125 1 0.2873066625
0 0.014791737499999999 0.847418075 0.0633232828125 0.8756283890625 0.12307077500000001 0.8648843749999999 0.012704253125 0.72782618125 0.014791737499999999 0.847418075
0 0.01141985625 0.65424310625 0.1353561546875 0.691618690625 0.1559292953125 0.6338778109375001 0.010267184375 0.588206575 0.01141985625 0.65424310625
0 0.053066782812500005 0.428393665625 0.0100793578125 0.44905645937500005 0.00811724375 0.4650365953125 0.008929412500000001 0.5115657234375 0.045074724999999996 0.5117860859375 0.158008753125 0.5437327234375 0.18777497031249998 0.46602717968749996 0.053066782812500005 0.428393665625
0 0.0121237125 0.43240652968750004 0.0644737265625 0.408700828125 0.19290481718750002 0.4425502703125 0.20055926093749998 0.3802098234375 0.06439308437499999 0.354450678125 0.0191554734375 0.37513743437499997 0.0121237125 0.43240652968750004
0 0.025766326562500004 0.32129635156249997 0.07905362031249999 0.2899571328125 0.19935824375 0.31678206875 0.2232387390625 0.250407240625 0.072668996875 0.2138395171875 0.032171065625 0.269133940625 0.025766326562500004 0.32129635156249997
0 0.04110125 0.1964034234375 0.0327178109375 0.26468105 0.042875896875 0.273461671875 0.0726421140625 0.19575613125 0.201073203125 0.229605571875 0.22607407343750002 0.1724083484375 0.0718324765625 0.1474431625 0.04110125 0.1964034234375
0 0.40154581718750004 0.829769825 0.37472246249999996 0.9018100078125 0.47072832187499997 0.9618116015625 0.5381571359375 0.9068105265625 0.40154581718750004 0.829769825
0 0.667344103125 0.9528061624999999 0.7555342265625 0.9666478968750001 0.7968149171875 0.94158305625 0.6930202015625 0.8535049859375 0.675727540625 0.8845285359374999 0.667344103125 0.9528061624999999
0 0.42716815781250006 0.6943018796875 0.3977395546875 0.7509554453125 0.534297109375 0.79182938125 0.5574754937499999 0.7494751265625 0.42716815781250006 0.6943018796875
0 0.53860228125 0.9580920875000001 0.5267227625 0.9911106999999999 0.6138848218749999 0.9895892796875 0.53860228125 0.9580920875000001
0 0.012984189062500002 0.7438637078125 0.119966621875 0.7620494265625 0.14678998125 0.690009240625 0.011754746875 0.6734289984374999 0.012984189062500002 0.7438637078125
0 0.68085738125 0.861051625 0.5469319546875 0.853647690625 0.5356056546875 0.9275906781250001 0.6580972625 0.9366040578125 0.68085738125 0.861051625
0 0.36816150937500003 0.9552446781249999 0.379203953125 0.9385204343750001 0.19021573593750002 0.8671020421875 0.1794630640625 0.954675521875 0.325103803125 0.9725579578125 0.36816150937500003 0.9552446781249999