0 0.8508761437500001 0.8635728953124999 0.693314890625 0.7500748625 0.6737077046875 0.8232929796875 0.820461471875 0.9576683578124999 0.8508761437500001 0.8635728953124999
0 0.8652239703125 0.7526989375 0.7074950234374999 0.6561563609375 0.6680430359375 0.7261308640624999 0.8295732499999999 0.8402776171875 0.8652239703125 0.7526989375
0 0.901759778125 0.642621103125 0.7501752734375 0.56123521875 0.7276752140625 0.6254890640624999 0.8850454671874999 0.7248034875 0.901759778125 0.642621103125
0 0.9648112187500001 0.5312162703125 0.7966334796875 0.4527791921875 0.7631349328125 0.523726778125 0.9304275875 0.6246630078125001 0.9648112187500001 0.5312162703125
0 1 0.403438371875 0.824155278125 0.3497194609375 0.7968011734375 0.4358237359375 0.98138114375 0.49712840312499995 1 0.41916050625 1 0.403438371875
0 1 0.2578090046875 0.8671942218750001 0.25202646875 0.8589675296875001 0.34691805468750003 1 0.35068481406249996 1 0.2578090046875
0 0.67007413125 0.7887333453125 0.52429868125 0.7564150609375 0.5084927640625 0.8472373546874999 0.6600539609375 0.8974841781249999 0.67007413125 0.7887333453125
0 0.66529455 0.6690720765625 0.5267629359375 0.674733996875 0.5109570171875 0.7655562890625001 0.66048711875 0.75320063125 0.66529455 0.6690720765625
0 0.70491423125 0.5821421203125 0.569969575 0.5600855484375 0.558132615625 0.6515565640625 0.6955881421875 0.65421019375 0.70491423125 0.5821421203125
0 0.73927455625 0.45755632031250004 0.5888360609375 0.46127207031250006 0.580418365625 0.5419800515625 0.728513684375 0.5407117875 0.73927455625 0.45755632031250004
0 0.786617846875 0.3266011390625 0.6109308078125 0.33751195 0.60342150625 0.426859840625 0.7864967703125 0.40583471875 0.786617846875 0.3266011390625
0 0.8332670562500001 0.23232872031250001 0.6669527203125 0.23344957968750002 0.661977596875 0.3345335875 0.8327872828125 0.314334146875 0.8332670562500001 0.23232872031250001
0 0.5070113640625 0.7960466265624999 0.3895217203125 0.717403034375 0.36953253125 0.7622539390624999 0.48090104218749996 0.8568799015625 0.5070113640625 0.7960466265624999
0 0.501467775 0.6196509328124999 0.37611013125000003 0.6331270796874999 0.3707530046875 0.705843875 0.5053156578125 0.6995332328125 0.501467775 0.6196509328124999
0 0.543789328125 0.5275016406249999 0.4057841046875 0.5134362546875 0.3916039703125 0.6073547578125 0.5272660171875 0.6238676296875 0.543789328125 0.5275016406249999
0 0.5743716937500001 0.416450721875 0.43222981562499996 0.4186920703125 0.4276133875 0.517004228125 0.561267646875 0.5020536796874999 0.5743716937500001 0.416450721875
0 0.608205628125 0.311592225 0.4606600078125 0.3242722453125 0.45711966562499995 0.4142688578125 0.6023221109375 0.40403632656250005 0.608205628125 0.311592225
0 0.64294795625 0.2153736375 0.4925094609375 0.2190893875 0.4909536015625 0.3094103625 0.6422771796875 0.2831954578125 0.64294795625 0.2153736375
0 0.26629294375 0.683109025 0.243960578125 0.7304074171875 0.3526039109375 0.7991136546875001 0.3513368203125 0.7932455968750001 0.375653665625 0.7462715671875 0.26629294375 0.683109025
0 0.3683399046875 0.614874178125 0.25180526875 0.6071486171875 0.24283787499999998 0.676444840625 0.35793772968750004 0.6952577984375 0.3683399046875 0.614874178125
0 0.38792378125 0.5105170015625 0.27193884375 0.5142031984375001 0.26423854062499996 0.5893674796874999 0.3798647828125 0.588453134375 0.38792378125 0.5105170015625
0 0.41001852968749997 0.3867568828125 0.2946065953125 0.43299389687499995 0.304934309375 0.4941219765625 0.4176443703125 0.45310429843750005 0.41001852968749997 0.3867568828125
0 0.45341617031250003 0.286292040625 0.3206936109375 0.34102156250000004 0.3317387140625 0.3966059421875 0.45382148125 0.345798315625 0.45341617031250003 0.286292040625
0 0.45839129375 0.1852080328125 0.3534281515625 0.21333955 0.357276034375 0.29322185 0.48514454687499997 0.26034276093750003 0.45839129375 0.1852080328125
0 0.23605050625000001 0.5253201484375001 0.1417271546875 0.549529775 0.1341945453125 0.6077386015624999 0.23772290625 0.59069448125 0.23605050625000001 0.5253201484375001
0 0.275311490625 0.441162040625 0.16312781875 0.4624524140625 0.1584880828125 0.5296255109375 0.28167024375 0.5016414 0.275311490625 0.441162040625
0 0.2940102828125 0.3593040171875 0.189382528125 0.353524621875 0.1728359109375 0.418751553125 0.2897292421875 0.42370526562500005 0.2940102828125 0.3593040171875
0 0.3321718734375 0.2523223953125 0.201219484375 0.2620536078125 0.1947862703125 0.34308595 0.3297076203125 0.334003459375 0.3321718734375 0.2523223953125
0 0.241906175 0.6366658703125 0.145384034375 0.6152284671875 0.1351495546875 0.6786566328125 0.23583165625000002 0.714926365625 0.241906175 0.6366658703125
0 0.33626191250000004 0.1737375375 0.23435933593749997 0.193877871875 0.23909230468749998 0.2512610171875 0.3501998890625 0.2382861921875 0.33626191250000004 0.1737375375
0 0.1627458140625 0.43408520156249997 0.087335565625 0.4217594703125 0.07872686875 0.4882838453125 0.1544958140625 0.4978377265625 0.1627458140625 0.43408520156249997
0 0.16736224375 0.3357730421875 0.09900482968749999 0.347243909375 0.09706696406250001 0.4091976703125 0.1703017328125 0.407015434375 0.16736224375 0.3357730421875
0 0.1928995609375 0.23238894999999998 0.1054380453125 0.26621156562500004 0.087815340625 0.33975404375 0.1904353078125 0.314070015625 0.1928995609375 0.23238894999999998
0 0.229458675 0.15345017656249998 0.116198915625 0.18305609843749998 0.1166042265625 0.242562371875 0.22283445937500002 0.220298915625 0.229458675 0.15345017656249998
0 0.9560535968749999 0.8807640453125 0.8657969765625 0.7952497562499999 0.8295965578125 0.8714166796875 0.9317600578125 0.9588771375 0.9560535968749999 0.8807640453125
0 0.98156760625 0.7462408921875 0.91172879375 0.7065210328125 0.8782302468750001 0.7774686187500001 0.959808246875 0.8360901000000001 0.98156760625 0.7462408921875