0 0.0129495515625 0.35226306875 0.1774728890625 0.4386498875 0.46728792812500003 0.3295745796875 0.4922218015625 0.2623016859375 0.21702668906249997 0.0304680640625 0.047357165624999996 0.148583678125 0.0129495515625 0.35226306875
0 0.11050105937500002 0 0.07825913281249999 0.008496734374999999 0.066056209375 0.094120778125 0.2366267953125 0.021544196874999998 0.504564590625 0.216012546875 0.5353288328125 0.14100141875 0.390776475 0.0060099703125 0.35743885625 0 0.11050105937500002 0
0 0.6364802859375 0.4927460953125 0.5026897578125 0.40114986249999995 0.21706127031250003 0.48544244843750006 0.2021757515625 0.5735588 0.357535509375 0.631187109375 0.6178419578125001 0.549527115625 0.6364802859375 0.4927460953125
0 0.498006603125 0.37532180312499996 0.619888084375 0.457089125 0.658948428125 0.39990648281249996 0.4987656484375 0.2771152046875 0.49482739843749995 0.32720332343749997 0.21563432031250002 0.4403389390625 0.2409877953125 0.4910707625 0.498006603125 0.37532180312499996
0 0.6648558062500001 0.3247743078125 0.533608009375 0.1913508671875 0.49011280937499996 0.24801084218749997 0.6360606859375 0.37474138125 0.6648558062500001 0.3247743078125
0 0.691650371875 0.2464868734375 0.5648059953125 0.060221679687499995 0.535685571875 0.1522772953125 0.6622816390625 0.3132370953125 0.691650371875 0.2464868734375
0 0.50914245625 0.657480084375 0.7169441296875 0.5920998265625 0.7134396171875 0.586069884375 0.738621796875 0.5441023875 0.6452415593749999 0.5078209484375 0.6502814531250001 0.544924890625 0.4121492765625 0.6291982234375 0.50914245625 0.657480084375
0 0.7391639718749999 0.47395481874999995 0.6615225953125 0.41144369531249997 0.6342628578125 0.4924847609375 0.720990815625 0.5279821984375 0.7391639718749999 0.47395481874999995
0 0.7681759609375 0.395928715625 0.67780363125 0.3150664359375 0.65848325625 0.402660115625 0.7389156703124999 0.448649425 0.7681759609375 0.395928715625
0 0 0.5957673296875 0.1472366796875 0.617636225 0.15768734375 0.528997209375 0 0.50295814375 0 0.5957673296875
0 0 0.47203720000000005 0.1688829125 0.516274365625 0.187738115625 0.43143431874999993 0.006398375 0.3910434265625 0 0.4289192640625 0 0.47203720000000005
0 0.8100446343750001 0.5497114484375001 0.739412271875 0.49926020781249997 0.7353655890625 0.5633778359375 0.7794972578125 0.5966635499999999 0.8100446343750001 0.5497114484375001
0 0.81337784375 0.4630420625 0.7774024078124999 0.40824992968749996 0.7472117703125 0.4664779078125 0.7956698609374999 0.5143158062500001 0.81337784375 0.4630420625
0 0.791791321875 0.2695228 0.71819663125 0.142894046875 0.700271775 0.2222268171875 0.7710440015625 0.312012965625 0.791791321875 0.2695228
0 0.7062875859375 0.133065134375 0.61974506875 0.0161442546875 0.5670234234375 0.06048301406249999 0.6774924671875 0.18303220781250001 0.7062875859375 0.133065134375
0 0.8464679515625001 0.374262753125 0.807670046875 0.28262801875 0.7721142125 0.345840603125 0.835520684375 0.4122909859375 0.8464679515625001 0.374262753125
0 0.80703358125 0.192682325 0.757256975 0.08571140625 0.7268180359375 0.1186339921875 0.7876817734375 0.22691159062500002 0.80703358125 0.192682325
0 0 0.9283116515625001 0.06831573125 0.9363629875000001 0.0815530671875 0.845805625 0 0.8570899796875 0 0.9283116515625001
0 0 0.8372109296874999 0.0887789578125 0.8298064765625 0.1258387453125 0.7443034734375 0 0.748201784375 0 0.8372109296874999
0 0 0.7284079718750001 0.114860046875 0.7289672875 0.14712824062500002 0.6316657390625 0 0.6209316125 0 0.7284079718750001
0 0.15599444375 0.9466963406250001 0.295496271875 0.9047213578125 0.294209190625 0.89895275 0.311560440625 0.836403128125 0.11238017656249999 0.877523334375 0.1139777375 0.941744471875 0.15599444375 0.9466963406250001
0 0.3199021125 0.7334732625 0.1553787703125 0.770252575 0.1528674703125 0.8654442015624999 0.31935993749999997 0.8036208296874999 0.3199021125 0.7334732625
0 0.307866321875 0.7238125703125 0.3546360421875 0.661738434375 0.17666826875 0.6576148390625 0.17229627812499998 0.7638210078125 0.307866321875 0.7238125703125
0 0.30579293281250003 0.9508702046874999 0.3094141140625 0.9647775812500001 0.41412507343750005 0.9771182656249999 0.42149886875 0.92193046875 0.30579293281250003 0.9508702046874999
0 0.433236615625 0.8390600546875 0.3014010734375 0.8965425375 0.31380672187499997 0.9569822328124999 0.43909841875 0.8846862390625001 0.433236615625 0.8390600546875
0 0.4617090078125 0.7642281765625001 0.32926842500000003 0.785129384375 0.32990489375 0.8750750703125 0.4519403875 0.822054528125 0.4617090078125 0.7642281765625001
0 0.477308003125 0.6986635828125001 0.3411146046875 0.68822945625 0.3338117140625 0.7716225390625 0.45891797343749996 0.7807499875 0.477308003125 0.6986635828125001
0 0.4392919375 0.9800843015625 0.449013090625 0.9812299859375001 0.4810396734375 0.9799250031250001 0.5171502609374999 0.959807359375 0.5146787374999999 0.9182923703125001 0.44054295000000004 0.936056071875 0.4392919375 0.9800843015625
0 0.530302053125 0.853881265625 0.4555483890625 0.8612662203125 0.4516063109375 0.9196926375000001 0.5213361937500001 0.8999374078125 0.530302053125 0.853881265625
0 0.536381996875 0.7898177046875 0.460278878125 0.7911545203125 0.4554182203125 0.8480004015624999 0.5316350265625001 0.8319542359375 0.536381996875 0.7898177046875
0 0.5634426953125 0.72086545625 0.4839091046875 0.7144365890625 0.47434184375 0.7780891515625 0.5511196875000001 0.7797764140625 0.5634426953125 0.72086545625
0 0.4970205296875 0.64384035 0.3736149453125 0.6234073125 0.36258454218749997 0.6957210890625001 0.4835919265625 0.69525963125 0.4970205296875 0.64384035
0 0.5814642109375 0.6773488421875 0.49525668906250003 0.661299771875 0.4836652484375 0.7158801234375 0.566686159375 0.7227199828125 0.5814642109375 0.6773488421875
0 0.635213234375 0.738157603125 0.5652230171875 0.7313811984374999 0.5522252828124999 0.7872680859375001 0.6286290984375 0.7771330640625 0.635213234375 0.738157603125
0 0.6220284859375 0.7881333546875 0.5522252828124999 0.7872680859375001 0.5429018765625 0.84947711875 0.6065188640625 0.837835103125 0.6220284859375 0.7881333546875
0 0.5990565125 0.839900178125 0.5414387359374999 0.858138328125 0.5396345250000001 0.9109276046874999 0.6032350296875 0.8713104171875001 0.5990565125 0.839900178125
0 0.7281095234375 0.5812664953125 0.51807460625 0.659572146875 0.6144433828125 0.685652421875 0.7693724140625 0.6317700578125 0.7281095234375 0.5812664953125
0 0.5335144859375001 0.9777868171874999 0.5395508390625 0.9775408546875 0.5964803625 0.9323499078124999 0.591870975 0.8964720640625 0.5337086375 0.9249519625 0.5335144859375001 0.9777868171874999
0 0.6386124046874999 0.9005084875 0.5957323171875 0.90870534375 0.58811590625 0.9608096203125 0.649521703125 0.9341842546875 0.6386124046874999 0.9005084875
0 0.6578532078125 0.8497742015625 0.6122173656250001 0.8532294531250001 0.604170090625 0.900866125 0.6553009453125 0.8789189093750001 0.6578532078125 0.8497742015625
0 0.67030638125 0.8041290562500001 0.6244835328125 0.801673165625 0.6190049921874999 0.8481403046875 0.6598040625 0.8382259140625001 0.67030638125 0.8041290562500001
0 0.6927338 0.7626039812500001 0.6365058421875001 0.751560421875 0.6266782453124999 0.78868135 0.6813128953125 0.795120303125 0.6927338 0.7626039812500001
0 0.8191366312499999 0.5179006234375 0.80157510625 0.5584179359375 0.855671634375 0.5807636046875 0.8675384328125 0.542236828125 0.8191366312499999 0.5179006234375
0 0.87220398125 0.482898684375 0.837021353125 0.46278211249999995 0.8192393984375 0.5046042890625 0.8558622734375 0.528883140625 0.87220398125 0.482898684375
0 0.7132387484375 0.8021983625000001 0.6790041265625 0.7955019640625001 0.6691361046875001 0.8475727453124999 0.7130332109374999 0.8287910296875 0.7132387484375 0.8021983625000001
0 0.700100746875 0.841906165625 0.657695271875 0.8582019921875 0.6603188546875 0.8997673718750001 0.703437003125 0.8729087828125 0.700100746875 0.841906165625
0 0.695044228125 0.7068949421874999 0.6475904296875 0.6959789093750001 0.63821465 0.738791796875 0.684838109375 0.7482791234375 0.695044228125 0.7068949421874999
0 0.6391842546875 0.6949882015625 0.5845440953125001 0.6885485984375 0.573456253125 0.735152240625 0.634555196875 0.722390378125 0.6391842546875 0.6949882015625
0 0.8068438640625001 0.5843249296875 0.7926550890625 0.62390889375 0.8403293156249999 0.6335200640624999 0.8555174781250001 0.6007081000000001 0.8068438640625001 0.5843249296875