0 0.4811665984375 0.7941001859375 0.248807440625 0.8333801828125 0.2696188703125 0.936323490625 0.5084799390625 0.8958614062500001 0.4811665984375 0.7941001859375
0 0.7602910578125 0.740388640625 0.5386472734375001 0.762897303125 0.551704865625 0.8731795984374999 0.780187109375 0.8375690921875 0.7602910578125 0.740388640625
0 0.4512013796875 0.6335283328125 0.20867879218750002 0.650939003125 0.213619121875 0.7241567796874999 0.460812859375 0.6940383046874999 0.4512013796875 0.6335283328125
0 0.7682334046875 0.6500055062500001 0.6043125781249999 0.6709136171875001 0.6171278859375 0.7515935812500001 0.785383321875 0.7298973984375 0.7682334046875 0.6500055062500001
0 0.73882013125 0.450793 0.5850627296875001 0.4935704375 0.608378009375 0.58419998125 0.770925771875 0.5546475828124999 0.73882013125 0.450793
0 0.7005222421874999 0.279877534375 0.5541821328125 0.3272357328125 0.5858300765625 0.42820888281249997 0.7347951828125 0.38333808281250004 0.7005222421874999 0.279877534375
0 0.36594968125 0.5600885718749999 0.1960788875 0.5435381390625 0.2046807296875 0.6398073296875 0.3679284703125 0.6427386953124999 0.36594968125 0.5600885718749999
0 0.3423652234375 0.38353345625 0.1599483 0.3722286375 0.1663828390625 0.4688918609375 0.34263440156249997 0.469459034375 0.3423652234375 0.38353345625
0 0.32961728749999997 0.2050081796875 0.14561189375 0.2117799890625 0.15363490625 0.2903665828125 0.33068069843750003 0.281895446875 0.32961728749999997 0.2050081796875
0 0.5108765421875 0.18094780625 0.355746075 0.2150809640625 0.3728959859375 0.2949728578125 0.5192361 0.247614665625 0.5108765421875 0.18094780625
0 0.5416360015625 0.3324813484375 0.36883055625 0.3816865015625 0.38414970937500004 0.45005268750000005 0.5612897625 0.40005947031250005 0.5416360015625 0.3324813484375
0 0.54855511875 0.488349240625 0.393545790625 0.5372835671875 0.416282234375 0.6102305078125 0.5731223187500001 0.5728218968750001 0.54855511875 0.488349240625
0 0.7092319390624999 0.124132846875 0.5410976484375001 0.160630196875 0.5560802578125 0.2409161234375 0.722047246875 0.20481280625 0.7092319390624999 0.124132846875
0 0.5555953765625 0.659018303125 0.40812448437500004 0.7273345499999999 0.43953014375 0.7987053703125 0.5900837171875 0.7357579421875 0.5555953765625 0.659018303125
0 0.377324546875 0.7299695703125 0.211115271875 0.7364705500000001 0.22438826875 0.8200319390624999 0.22609788281249998 0.8167564781250001 0.39310139374999997 0.801217184375 0.377324546875 0.7299695703125
0 0.40928245781249994 0.2853928859375 0.182725228125 0.291007025 0.18299440312499998 0.376932603125 0.41330740468749994 0.3528478109375 0.40928245781249994 0.2853928859375
0 0.7051665109374999 0.2108464890625 0.4523862375 0.24790991093749998 0.4517400328125 0.3280726390625 0.7170664375 0.285763590625 0.7051665109374999 0.2108464890625
0 0.41586503124999996 0.45318051875 0.192848175 0.467044903125 0.20783078437500002 0.54733083125 0.4320995640625 0.5273095624999999 0.41586503124999996 0.45318051875
0 0.7531296515625 0.5549184109375 0.5034320625 0.5973506578125 0.5142954671875 0.6517037421875 0.7512315265625 0.641238021875 0.7531296515625 0.5549184109375
0 0.7412970953125 0.3821559859375 0.4699264703125 0.42852855312499993 0.493336009375 0.47763602031249996 0.7445278109375 0.4586492203125 0.7412970953125 0.3821559859375
0 0.9594005109375001 0.3513970734375 0.8949602390625 0.3809006234375 0.9192851546874999 0.43577094375 0.971058146875 0.396711840625 0.9594005109375001 0.3513970734375
0 1 0.524397371875 0.9276715984375 0.558761040625 0.9473253609375 0.6263391640625 1 0.5962701078125 1 0.524397371875
0 1 0.4286481859375 0.9814369765625001 0.39186025468749996 0.91324093125 0.43983446875 0.932315859375 0.48972999531249994 1 0.44805547187499994 1 0.4286481859375
0 0.96824464375 0.4772686015625 0.9129312734375 0.50807745 0.9306331328124999 0.5493286984375 0.9868618828125 0.5242827 0.96824464375 0.4772686015625
0 0.962214015625 0.270840315625 0.8913929812499999 0.3163271328125 0.9117198312499999 0.36006577812499996 0.992919696875 0.30972737031249997 0.962214015625 0.270840315625
0 0.9161351 0.5282474421875001 0.90926975625 0.48502603593750004 0.8580487078125 0.485444484375 0.8226987640625 0.51558848125 0.8407371703125 0.544919984375 0.8613736796874999 0.5204156453125 0.9161351 0.5282474421875001
0 0.9355734625000001 0.6225464734374999 0.9195812171875 0.5780197640625 0.8793178312500001 0.591269228125 0.8498909609374999 0.6025485265625 0.8618851453125 0.6359435609374999 0.8951889328125 0.6209947640625 0.9355734625000001 0.6225464734374999
0 0.9650541078125 0.7239136546875 0.9533964671874999 0.6785988828125 0.8896292859375 0.6842629578125 0.859744728125 0.692660834375 0.8660312375 0.7181996453124999 0.8630696984374999 0.7276319890625 0.9198772796875 0.7202685875 0.9650541078125 0.7239136546875
0 1 0.67901993125 0.9612714484374999 0.686061071875 0.9917617265625 0.7516690359375 1 0.7498649375 1 0.67901993125
0 1 0.61854746875 0.9993406437499999 0.616882396875 0.9410657375 0.6571235953125 0.9781521859375 0.6800273890625 1 0.6711737656250001 1 0.61854746875
0 0.9041140296875 0.43852916718749996 0.8955390703124999 0.39858322031250004 0.8508199359375 0.39781957968750004 0.8190103593750001 0.43621381875000004 0.826669940625 0.47039691406250006 0.8471853046875 0.43109140312500005 0.9041140296875 0.43852916718749996
0 0.83380445625 0.5995439 0.801873740625 0.62313696875 0.8182025328125 0.6557439375 0.8527582421875 0.634638259375 0.83380445625 0.5995439
0 0.06498455625 0.8230509578125 0.11269812187499999 0.8047623765624999 0.1587903296875 0.8141703015624999 0.161051890625 0.77225419375 0.10983084218750001 0.77267265 0.058827325 0.7842875312500001 0.06498455625 0.8230509578125
0 0.050857934375000004 0.7341154859375 0.0915501484375 0.7137388046875001 0.1428923390625 0.72812151875 0.15428080625 0.6875107093749999 0.09689439375 0.6771915234375 0.0437518203125 0.6893782875000001 0.050857934375000004 0.7341154859375
0 0.029616598437500002 0.60038868125 0.030409384374999997 0.6053797296875 0.043263753125 0.6484016687499999 0.09219635312499999 0.633576084375 0.1322443375 0.6470475265625 0.14009243124999998 0.5981864734375 0.088292546875 0.5809223343750001 0.029616598437500002 0.60038868125
0 0.1339001765625 0.53112558125 0.086771446875 0.5011536390625 0.0177416140625 0.5080533453125 0.0185283078125 0.530581315625 0.0213860328125 0.5485723890624999 0.0636310875 0.537971753125 0.12638863125 0.5680669015625 0.1339001765625 0.53112558125