0 0.720361815625 0.42767909687500005 0.7298266171875001 0.3131974921875 0.4390551453125 0.2593634875 0.42661848437499994 0.3684383640625 0.720361815625 0.42767909687500005
0 1 0.342863515625 0.7297191328125 0.31315717187500003 0.71972681875 0.42981602656250006 1 0.4644266859375 1 0.342863515625
0 1 0.474386184375 0.844255384375 0.4666693609375 0.8246725015624999 0.5852132890624999 1 0.5994438484375 1 0.474386184375
0 0.8198898765625 0.5650921890625 0.8430507515624999 0.4590600375 0.621801659375 0.41774190000000005 0.6083350078125 0.524268103125 0.8198898765625 0.5650921890625
0 0.5999333328125 0.53391344375 0.6179809671875 0.4234814453125 0.429510709375 0.3695582359375 0.4108955484375 0.46183724687499994 0.5999333328125 0.53391344375
0 1 0.5839696109375 0.687054434375 0.5566270015625 0.6791786453124999 0.6840625671875 0.9764946906249999 0.750105975 0.99059975625 0.6790172359375 1 0.6179715875 1 0.5839696109375
0 0.69916900625 0.5351719234375001 0.40642236406250004 0.4718132421875 0.3945865984375 0.5677483890625 0.56865903125 0.6579542078125 0.6692493828125 0.670468496875 0.69916900625 0.5351719234375001
0 0.9765995453125 0.7699353015625 0.7993198078125 0.7144421921874999 0.782474796875 0.8333702187500001 0.9599853796875 0.877828528125 0.9765995453125 0.7699353015625
0 0.7915618578125 0.71714081875 0.572363421875 0.6434342578125001 0.5560544843749999 0.7493453031249999 0.6569754921875 0.79964215625 0.779745503125 0.8257917359375 0.7915618578125 0.71714081875
0 0.556470253125 0.7446164468750001 0.573341959375 0.6370795890625 0.39162800937500003 0.5583528375 0.378393946875 0.6824399390625 0.556470253125 0.7446164468750001
0 0.9411725453124999 1 0.9568946390624999 0.8978999359375001 0.96011235625 0.871816028125 0.6560904078124999 0.7863177015625 0.6349821140625 0.9043229265624999 0.7531891796875 0.97587144375 0.8299547359374999 1 0.9411725453124999 1
0 0.6305737078125 0.9216302515624999 0.6559969546875 0.805996825 0.3625291734375 0.6614957875 0.3549795390625 0.7868132578125 0.6305737078125 0.9216302515624999
0 0.7449963296875 1 0.748716125 0.9858474609375 0.5318942609375 0.8776342296875 0.5149329625 0.9877817468750001 0.539836828125 1 0.7449963296875 1
0 0.50499994375 0.9930090859374999 0.53736883125 0.8897630937500001 0.349598309375 0.7550051421874999 0.3331960328125 0.8805954406250001 0.50499994375 0.9930090859374999
0 0.8937936265624999 0.1696525375 0.8940874843750001 0.108188684375 0.7976200359375001 0.087310390625 0.679606059375 0.0846558421875 0.6649890328125 0.1795795390625 0.8937936265624999 0.1696525375
0 0.46762472343750006 0.166587709375 0.6403504343749999 0.1712747109375 0.6604701578125 0.092403653125 0.4884727421875 0.0700402328125 0.46762472343750006 0.166587709375
0 0.3099888078125 0.102747415625 0.4444725390625 0.16157691875 0.46797819374999994 0.047770584375 0.4309775109375 0.025101581249999998 0.3291179453125 0.0191689375 0.3099888078125 0.102747415625
0 0.22716745781249997 0.4593374453125 0.3874311875 0.4672720015625 0.3947737578125 0.3678015625 0.2462138859375 0.33564899062500003 0.22716745781249997 0.4593374453125
0 0.1140258609375 0.5596887015625 0.342102165625 0.5674381203125 0.3672518171875 0.4688492953125 0.14063209999999998 0.42574703906250005 0.1140258609375 0.5596887015625
0 0.1000774796875 0.5596422203125 0.12076790468750001 0.451171271875 0.011414476562500001 0.4039268734375 0.0026799781250000003 0.46064914375 0.0030896265625 0.5310616109375 0.1000774796875 0.5596422203125
0 0.180824784375 0.591979928125 0.0031490406249999998 0.5412741421875 0.0039111828125 0.6722752578125 0.147514796875 0.6917749625 0.180824784375 0.591979928125
0 0.18252843125 0.6844912078125 0.34010470000000004 0.6710377328125 0.3551646671875 0.5732375546874999 0.203061271875 0.5640967906250001 0.18252843125 0.6844912078125
0 0.06407155625 0.8193601749999999 0.3243164421875 0.7865143296875 0.339376409375 0.6887141531250001 0.0917212640625 0.6915890234375001 0.06407155625 0.8193601749999999
0 0.057465745312500004 0.719843246875 0.0041207562500000005 0.7082978765625 0.0048532203125 0.8341977281249999 0.03693290625 0.840237665625 0.057465745312500004 0.719843246875
0 0.1410198140625 0.9281565171875 0.2944222078125 0.890020975 0.3096397640625 0.8041442671875 0.16022383281250002 0.8163915312500001 0.1410198140625 0.9281565171875
0 0.06754289531249999 0.940491265625 0.122326853125 0.9330278546875 0.135900409375 0.8319336343750001 0.0048857359375 0.8397867124999999 0.0053933625 0.9270403421875001 0.06754289531249999 0.940491265625
0 0.5324070562500001 1 0.33582441875 0.8930369078125 0.31288946875 0.9772433515625 0.34965731718750004 1 0.5324070562500001 1
0 0.12533225312500001 0.9529985218749999 0.2827745578125 0.9870735046875 0.28271835312500004 0.9142389937500001 0.12533225312500001 0.9529985218749999
0 0.0159215671875 0.374657603125 0.1993984515625 0.43252106250000005 0.23166497343749998 0.3265555109375 0.036333920312500004 0.24209877343750003 0.0159215671875 0.374657603125
0 0.0380547046875 0.23092392031250003 0.148830725 0.2818767640625 0.174423321875 0.180411465625 0.0545038328125 0.12410245312499998 0.0380547046875 0.23092392031250003
0 0.1794149578125 0.303357759375 0.38898571406250004 0.366548865625 0.40806196562499997 0.2815072890625 0.2072222546875 0.18751008593750002 0.1794149578125 0.303357759375