0 0.4800098890625 0.25072741875000004 0.6911260875 0.2291357203125 0.691981353125 0.156472534375 0.3266551921875 0.196140409375 0.4800098890625 0.25072741875000004
0 1 0.698964196875 0.8645369984375 0.6788904546875 0.8723872546875 0.8451805 1 0.866998725 1 0.698964196875
0 1 0.54845783125 0.86581255 0.5304601625 0.8727899015625 0.6747681562500001 1 0.6875564015625 1 0.54845783125
0 1 0.41676811875 0.9940006312499999 0.37395814843749997 0.8514463796875 0.3649339 0.8475638734375 0.5105148640625 1 0.5417645890625 1 0.41676811875
0 0.9726182718749999 0.2213790625 0.8379560515625 0.23716389218749998 0.8457974890625 0.3561313203125 0.9908199546875001 0.351261640625 0.9726182718749999 0.2213790625
0 0.9527556109375 0.0796441640625 0.8283746843750001 0.1057807765625 0.8349111765625 0.2154364359375 0.9701237812500001 0.2035790171875 0.9527556109375 0.0796441640625
0 0.574370490625 1 0.6141219890625 0.9953404109375 0.7325228874999999 0.9183634984375001 0.725989334375 0.82448204375 0.5670151453125001 0.9188345171875 0.3641312734375 0.8258844734374999 0.3576271171875 0.8897450796875 0.536526428125 1 0.574370490625 1
0 0.4127728484375 0.763394425 0.40844654374999995 0.85854885 0.5809169390625 0.923514796875 0.7668129875 0.7692182171875 0.7511595109375 0.6890254234375 0.5543977234375 0.8130465609374999 0.4127728484375 0.763394425
0 0.3336883984375 0.64015831875 0.34195600000000004 0.71490705 0.55092080625 0.8039893859375 0.69947011875 0.7140138078125 0.6912025171875 0.6392650765625 0.54308230625 0.700796165625 0.3336883984375 0.64015831875
0 0.3823329125 0.5934424765624999 0.38712359687500003 0.6591340359375 0.5578481828124999 0.6801358796875 0.7463629468749999 0.591785453125 0.737657421875 0.4981585921875 0.5335038796875 0.5851872546875 0.3823329125 0.5934424765624999
0 0.3462382109375 0.38313953437500003 0.35885269218750004 0.47315328437500004 0.5182765625 0.46077576562499994 0.71331311875 0.40320996718749996 0.7054775609374999 0.315790953125 0.5004452328125 0.34928915312500003 0.3462382109375 0.38313953437500003
0 0.307154484375 0.45081905312500004 0.317596996875 0.5410873953124999 0.5191671046875 0.5774030515625 0.6672873171875 0.5158719625 0.6668376375 0.43389700937500003 0.51567255 0.47370064375 0.307154484375 0.45081905312500004
0 0.290181359375 0.2824434609375 0.3071397859375 0.3719480234375 0.4982732625 0.3495437484375 0.6555192812499999 0.305872409375 0.64725461875 0.246897884375 0.47436393906249996 0.2576990453125 0.290181359375 0.2824434609375
0 0.19644862031250002 0.8108358812500001 0.3276456828125 0.8490907 0.312427184375 0.7720018296875 0.1925279015625 0.751352165625 0.19644862031250002 0.8108358812500001
0 0.27202675468750004 0.7672727546875 0.40105478593750005 0.8215563749999999 0.39278424375 0.7310334375 0.2746190109375 0.691251053125 0.27202675468750004 0.7672727546875
0 0.1729772203125 0.73786930625 0.2629038875 0.7651872078124999 0.2637591546875 0.6925240234375 0.1773094046875 0.6742632937499999 0.1729772203125 0.73786930625
0 0.17426746875000002 0.66831004375 0.271574134375 0.6695235953124999 0.2685233796875 0.6162477281250001 0.170343809375 0.593052125 0.17426746875000002 0.66831004375
0 0.1586139875 0.58811725 0.247235709375 0.6061233828125 0.24678602968750002 0.52414843125 0.1559952765625 0.522171096875 0.1586139875 0.58811725
0 0.1638131984375 0.5149448765625 0.2480880359375 0.5176859921875 0.248511259375 0.457693090625 0.1590225140625 0.44925331718750006 0.1638131984375 0.5149448765625
0 0.149449965625 0.36519281875 0.2263389265625 0.3624898734375 0.2154673109375 0.30066601875 0.14596423125 0.3088130265625 0.149449965625 0.36519281875
0 0.13466939218750001 0.3069820765625 0.2145944078125 0.27868396875 0.19677189687500002 0.21451997343749998 0.126836771875 0.23533726718749998 0.13466939218750001 0.3069820765625
0 0.7259481812499999 0.603643159375 0.7363906921875001 0.693911503125 0.8462829031249999 0.634078015625 0.8267229453124999 0.5665912671875 0.7259481812499999 0.603643159375
0 0.7585806640625 0.8837599578124999 0.8580416625 0.7900736796875 0.8480370718750001 0.7186834656250001 0.7459632390625 0.7779720015625 0.7585806640625 0.8837599578124999
0 0.687234765625 0.327394065625 0.7958303890625 0.298890159375 0.7853908171875 0.2243960203125 0.6815682390625 0.2239462515625 0.687234765625 0.327394065625
0 0.7037729078125 0.49266573593749996 0.8236633703124999 0.46599278125000004 0.8019289593750001 0.3896676890625 0.6998492484375001 0.417407815625 0.7037729078125 0.49266573593749996
0 0.029399551562499997 0.6742825406249999 0.0604520578125 0.6595668828125001 0.053060300000000005 0.6225744093750001 0.0237353234375 0.633864040625 0.029399551562499997 0.6742825406249999
0 0.0241145265625 0.636569940625 0.0943248140625 0.6019629156249999 0.08780008125 0.5554040796875 0.0174743421875 0.5891872671875 0.0241145265625 0.636569940625
0 0.0118057640625 0.5487377390625 0.07954130000000001 0.527977965625 0.07431857187499999 0.47495669218750003 0.008638290625 0.49488734375 0.009261331250000001 0.5305813125000001 0.0118057640625 0.5487377390625
0 0.059100074999999995 0.39786781875 0.007190053125 0.41191785468750003 0.007946587500000001 0.4552596515625 0.0634528375 0.44468125000000003 0.059100074999999995 0.39786781875
0 0.018258784375 0.3584864109375 0.006307006249999999 0.361328121875 0.007106259375 0.4071173375 0.022611546875 0.405299840625 0.018258784375 0.3584864109375
0 0.04824021875 0.399140790625 0.12208724374999999 0.3904845921875 0.10991656093749999 0.3508973828125 0.05170831875 0.36087534374999997 0.04824021875 0.399140790625
0 0.249410621875 0.6216429953125 0.3732188640625 0.6386795484375 0.3701622296875 0.5538552671875 0.251996996875 0.51407288125 0.249410621875 0.6216429953125
0 0.22632716875 0.2993930484375 0.31016114375 0.26748183124999997 0.30232852656250003 0.19583702187500002 0.213280640625 0.22204958281249998 0.22632716875 0.2993930484375
0 1 0.8750904796875 0.8984538515624999 0.8578995781250001 0.8974493265625 0.9621293609375 1 0.95010858125 1 0.8750904796875