0 0.8465191421875 0.4046038765625 0.6265442453125 0.48232592500000004 0.6504707953125 0.5697406968750001 0.8561131796874999 0.4872687796875 0.8465191421875 0.4046038765625
0 0.5914517015625 0.5313081921875 0.3994959390625 0.6357373921875 0.41738655781249995 0.6906642796875 0.6196880203124999 0.600552115625 0.5914517015625 0.5313081921875
0 0.0231290421875 0.8210840359375 0.023985353125 0.8232522921875001 0.09878283125000001 0.8458177906250001 0.3465492609375 0.71358670625 0.3145214515625 0.6226338375 0.0121846328125 0.7621767171875 0.0231290421875 0.8210840359375
0 0 0.6637372421875 0.01467884375 0.71887148125 0.33809040156250003 0.5866236312499999 0.333407128125 0.570464540625 0.32111759375000004 0.5314618640625 0 0.6554059234375 0 0.6637372421875
0 0 0.57606235625 0.0185095234375 0.6309110875 0.3143914765625 0.513355584375 0.29798376718749997 0.44313897031250005 0 0.550561346875 0 0.57606235625
0 0 0.49137235468749996 0.011403375 0.5383735328125 0.312973775 0.4242909359375 0.298608909375 0.3560215078125 0 0.44655850625 0 0.49137235468749996
0 0 0.4355712875 0.2854717234375 0.3396010921875 0.2654184046875 0.2678587609375 0 0.3441778203125 0 0.4355712875
0 0 0.318729265625 0.2704767640625 0.231747378125 0.250705996875 0.15247762812500001 0 0.24151253593750002 0 0.318729265625
0 0 0.22814114531250002 0.246902865625 0.141055834375 0.223769040625 0.0527329453125 0 0.1392675140625 0 0.22814114531250002
0 0.5565714453124999 0 0.27160202031249997 0.0749359515625 0.29781635156249997 0.179839403125 0.5827939734375 0.08502630625 0.5637033625 0 0.5565714453124999 0
0 0.5692492109375 0.0935568046875 0.2933230890625 0.20089593906249997 0.31438157968749997 0.2599520859375 0.569786765625 0.17788414375 0.5692492109375 0.0935568046875
0 0.854231784375 0.1254454578125 0.5940182968750001 0.20877779375 0.605427690625 0.24304316718750002 0.6219929203125 0.3231558484375 0.8430173562500001 0.2550974625 0.8620280593749999 0.185504675 0.854231784375 0.1254454578125
0 0.7659637781249999 0 0.5901777265625 0.0433346875 0.5923830359375 0.18187969375 0.8539492296875 0.132972875 0.885081934375 0 0.7659637781249999 0
0 0.5743174625 0.310848915625 0.345876784375 0.3932793546875 0.3586388859375 0.46197024531249997 0.603264765625 0.3852212234375 0.5743174625 0.310848915625
0 0.8175305906249999 0.27173699375 0.603357303125 0.340478165625 0.6099908796875 0.4033274984375 0.8241641718749999 0.33458633125000004 0.8175305906249999 0.27173699375
0 0.5963535796875 0.4566010546875 0.3772469578125 0.544030115625 0.39934311718750004 0.617719634375 0.6040248265625 0.5340837671875 0.5963535796875 0.4566010546875
0 0.2144634859375 0.990884309375 0.342183003125 0.9864242453125 0.4285828609375 0.937968015625 0.4066442265625 0.87417456875 0.21205168749999997 0.98496985625 0.2144634859375 0.990884309375
0 0.385488253125 0.7331597390625 0.19130329375 0.8190041078125001 0.2052280890625 0.8849048843749999 0.3959249640625 0.807430865625 0.385488253125 0.7331597390625