0 0.841596409375 0.46223208125 0.776982546875 0.449742278125 0.6252199453125 0.45918103906249996 0.6393108765625 0.5038822328125 0.7650799593750001 0.4903180640625 0.8288091015625 0.4981974703125 0.841596409375 0.46223208125
0 0.844491296875 0.415756709375 0.78150203125 0.4035247453125 0.6198470125 0.402453525 0.6159225546875 0.43535555156249994 0.7683447875 0.44166641562500003 0.8297094609375 0.4536405390625 0.844491296875 0.415756709375
0 0.8657381828125 0.2515044359375 0.81915535 0.2016464875 0.6420588609375 0.22270946875000003 0.639759 0.255869328125 0.8016391078125 0.24580131249999998 0.8505864078125001 0.2915645453125 0.8657381828125 0.2515044359375
0 0.4636608046875 0.3888403109375 0.39299874218749997 0.353040696875 0.3223210421875 0.36640840468749997 0.3175118625 0.3947000296875 0.3913585140625 0.40195018125 0.45124343749999996 0.42262941875 0.4636608046875 0.3888403109375
0 0.4782665234375 0.44032817812499997 0.472492378125 0.48411159687499994 0.5884336484375 0.48910258281249996 0.58984879375 0.451332328125 0.4782665234375 0.44032817812499997
0 0.4675852640625 0.35593829062500004 0.47067397031249997 0.3966583359375 0.58971958125 0.39320205 0.5911347250000001 0.3554317953125 0.4675852640625 0.35593829062500004
0 0.47226523125000003 0.26951638125 0.47646375 0.30370759375 0.6051120828125 0.2928353796875 0.6066720734375 0.2640280796875 0.47226523125000003 0.26951638125
0 0.48757749375000003 0.189251903125 0.485647565625 0.22023548593750003 0.619539621875 0.2079605046875 0.6174804843749999 0.1808138046875 0.48757749375000003 0.189251903125
0 0.24660701562499998 0.193472528125 0.245561809375 0.22906650156250002 0.334479990625 0.21635873593750002 0.3365547625 0.19433810625 0.24660701562499998 0.193472528125
0 0.111573875 0.31061099375 0.1130379875 0.3510732078125 0.18289556875 0.36216024375 0.1855653703125 0.3268241015625 0.111573875 0.31061099375
0 0.217896784375 0.3721852375 0.2150821375 0.39855841875000003 0.299786165625 0.4008267640625 0.3024559671875 0.36549062499999996 0.217896784375 0.3721852375
0 0.23084457656250001 0.2960154734375 0.23356334531249998 0.3389118 0.3127339578125 0.3246570015625 0.3110447578125 0.29533402343750004 0.23084457656250001 0.2960154734375
0 0.844442328125 0.3375242421875 0.8017683171875 0.3039315953125 0.6341297046875 0.308615696875 0.6304949390625 0.35944362500000004 0.7712553109375 0.3460237203125 0.8403730218750001 0.36146330781249997 0.844442328125 0.3375242421875
0 0.6584809296875 0.13591614999999999 0.6590603203125001 0.17176796562500002 0.808828390625 0.16424764375 0.8172566968750001 0.13429541250000002 0.6584809296875 0.13591614999999999
0 0.346592028125 0.21381104374999998 0.3435522921875 0.2513234609375 0.4307010296875 0.2293948953125 0.43374076562499997 0.19188247812499998 0.346592028125 0.21381104374999998
0 0.2374388359375 0.2277773109375 0.2400127546875 0.2617106890625 0.33579925624999996 0.24785798906249998 0.3386139 0.22148480781250002 0.2374388359375 0.2277773109375
0 0.1062988828125 0.4103484125 0.12984769062499998 0.4386707296875 0.19830576718749998 0.438360690625 0.19410725 0.40416947812500004 0.1062988828125 0.4103484125
0 0.0388703703125 0.4242318 0.0618241546875 0.465869625 0.1164007515625 0.4588864859375 0.1060737890625 0.421487646875 0.0388703703125 0.4242318
0 0.036826871875 0.3479177703125 0.0323876265625 0.37403312031249997 0.0975965140625 0.373207409375 0.09679203593749999 0.348494828125 0.036826871875 0.3479177703125
0 0.21862102499999997 0.4170000046875 0.2598152859375 0.45929776875000006 0.3163864171875 0.45039619374999995 0.3136676453125 0.4074998640625 0.21862102499999997 0.4170000046875
0 0.13997877187500002 0.16313970625000002 0.1412980359375 0.194638965625 0.2045123921875 0.19573169375 0.21220082499999998 0.17013202031250002 0.13997877187500002 0.16313970625000002
0 0.0381128015625 0.25201723593750003 0.035668089062500005 0.27621414375 0.09799772500000001 0.2726964796875 0.101327159375 0.253109965625 0.0381128015625 0.25201723593750003
0 0.13434947656250001 0.21588607343750002 0.128800425 0.24853025624999997 0.19740335 0.25718317812499997 0.2018425921875 0.2310678296875 0.13434947656250001 0.21588607343750002
0 0.6285316796875 0.2630274171875 0.6294810078124999 0.29670295 0.7927606203125 0.298032009375 0.7960254484375 0.24938035625000002 0.6285316796875 0.2630274171875
0 0.8414359234375001 0.5024364515624999 0.7754871624999999 0.50761471875 0.624609284375 0.5216638765625 0.639440090625 0.5620125109375 0.7688282984375 0.5467877421875 0.8387661218750001 0.5377725921875001 0.8414359234375001 0.5024364515624999
0 0.3234798203125 0.4381120328125 0.358690490625 0.4861651203125 0.46134530625 0.47116749531249996 0.408634028125 0.4181019109375 0.3234798203125 0.4381120328125
0 0.2563410078125 0.46992132499999995 0.27878000625 0.504772471875 0.35758067968749996 0.49269395468750005 0.3420099984375 0.45669787656249994 0.2563410078125 0.46992132499999995
0 0.3347540484375 0.2834519671875 0.33607331406249996 0.314951225 0.4157587078125 0.3074830984375 0.4094208109375 0.2662473765625 0.3347540484375 0.2834519671875
0 0.41593191875 0.31307061875 0.31602063125 0.30845466250000003 0.3203694359375 0.3569185828125 0.40393894374999995 0.35894095 0.461034284375 0.39329446875 0.459375478125 0.3536881375 0.41593191875 0.31307061875
0 0.8472713546874999 0.5276594968749999 0.899917 0.5388250609375 0.9100493828125 0.5039003171875 0.8574037390625 0.49273475468749994 0.8472713546874999 0.5276594968749999
0 0.85149701875 0.3793885515625 0.901716025 0.42951204374999996 0.9225271671874999 0.39347189843749997 0.8775060296875001 0.3497937875 0.85149701875 0.3793885515625
0 0.645386396875 0.5799250859375 0.688829959375 0.6205426046875 0.8395459531249999 0.5854480046874999 0.7777178874999999 0.541912696875 0.645386396875 0.5799250859375
0 0.4833239296875 0.5063268421875 0.49442387187500003 0.538656115625 0.6124600578125 0.5337691062500001 0.6065498953125 0.49531630781249997 0.4833239296875 0.5063268421875
0 0.8720195875 0.2942972921875 0.9122188171875001 0.3506970078125 0.9266881359375001 0.32659411562499996 0.88676876875 0.25634444843750004 0.8720195875 0.2942972921875
0 0.9172395046874999 0.44319667812499997 0.9531785968750001 0.46974209375 0.976007534375 0.4330715828125 0.9324486453124999 0.4025379625 0.9172395046874999 0.44319667812499997
0 0.9475994671875 0.5452756703125 0.9818885328125001 0.563222590625 0.991997946875 0.534259434375 0.9552289796875 0.518697803125 0.9475994671875 0.5452756703125
0 0.945207053125 0.27256631875 0.9664967343749999 0.312070546875 0.9867958859374999 0.2902823390625 0.9639462265625 0.2477516578125 0.945207053125 0.27256631875
0 0.9291583171875001 0.35477489375000004 0.954307778125 0.3837762109375 0.973046953125 0.35896154999999996 0.9455575234375001 0.32542055 0.9291583171875001 0.35477489375000004
0 0.8763587718749999 0.21995635937500002 0.9187580375 0.2878207359375 0.938227315625 0.2770163203125 0.926226896875 0.18896664999999999 0.8763587718749999 0.21995635937500002
0 0.43518231875 0.1610531375 0.3483152421875 0.177834153125 0.350785421875 0.2060149328125 0.42631285312499995 0.1888236515625 0.4728116 0.214266103125 0.4785611078125 0.1804426796875 0.43518231875 0.1610531375
0 0.4755227625 0.35086121875 0.60223859375 0.33762568593750003 0.6050981281250001 0.2963964109375 0.47512240625 0.310504 0.4755227625 0.35086121875
0 0.47480365625000004 0.44661824218749996 0.5981196703125 0.44117975 0.5958393078124999 0.3935769796875 0.4698134203125 0.4027537 0.47480365625000004 0.44661824218749996
0 0.624348428125 0.396712196875 0.7928830765625 0.39983975312500003 0.7980424109375 0.34508110625 0.622158115625 0.3546814625 0.624348428125 0.396712196875
0 0.847902096875 0.4849908046875 0.9015205156249999 0.4990582859375 0.9119998390624999 0.4618172125 0.8570514250000001 0.44337034218750004 0.847902096875 0.4849908046875
0 0.7244072671875 0.619618559375 0.7748059609375 0.6526271578125 0.86626291875 0.63935346875 0.83216366875 0.6019845578125 0.7244072671875 0.619618559375
0 0.8640227218750001 0.609819753125 0.9079515234375 0.6320754578125001 0.9268306328125 0.6003358234375 0.8811118718750001 0.5764065953124999 0.8640227218750001 0.609819753125
0 0.8546226921875 0.5735919546875 0.9117309734375001 0.5854344359375 0.9225303328125 0.5524124640625 0.8595922109374999 0.5382553015625 0.8546226921875 0.5735919546875