0 0.5616916984375 1 0.5617161546875 0.9906369093749999 0.36008118906250003 0.8820386687499999 0.2321077953125 1 0.5616916984375 1
0 0.5544569328125 0.9183544359375 0.5528154 0.799534153125 0.33419968906249997 0.7024442296875 0.15994184218750002 0.8891278796875 0.16295131875 0.9955305031250001 0.346328790625 0.8374970171875 0.5544569328125 0.9183544359375
0 0.5341384031249999 0.7328353375 0.5285936703125 0.61378771875 0.315486215625 0.5513862828125 0.13400562031250002 0.750146590625 0.156239275 0.8514202265625 0.338303521875 0.665191246875 0.5341384031249999 0.7328353375
0 0.49981212968750005 0.5808680484375001 0.500851765625 0.477825590625 0.3009677703125 0.40682133593750003 0.12289791875 0.6370236328125001 0.1331301375 0.731349596875 0.327688275 0.5208536359375 0.49981212968750005 0.5808680484375001
0 0.48031436406249994 0.454759090625 0.47881874687500003 0.3390716359375 0.2700522328125 0.2862960359375 0.106373153125 0.5329581671875 0.1173896625 0.602335146875 0.2753051375 0.399077990625 0.48031436406249994 0.454759090625
0 0.48921512343750007 0.31155815625 0.47464196249999996 0.20760635624999998 0.289203453125 0.1124487921875 0.09590382343750001 0.3917533890625 0.1145261 0.4990653546875 0.2929425 0.2345155734375 0.48921512343750007 0.31155815625
0 0.49552590937499996 0.1963253796875 0.49432211875 0.086903590625 0.4046797296875 0.0235699109375 0.2676141515625 0.01558675 0.0821149484375 0.2628526015625 0.10723039999999999 0.3424237484375 0.330241778125 0.07422266093749999 0.49552590937499996 0.1963253796875
0 0.7002728546875 1 0.7004804078125 0.9612270031250001 0.5642149359374999 0.9189227750000001 0.575697396875 1 0.7002728546875 1
0 0.685469503125 0.8478767093749999 0.5741370890625 0.7976516625000001 0.5684646812499999 0.8848026265625 0.6898469234375 0.9418616703125 0.685469503125 0.8478767093749999
0 0.6611930578125 0.7027434234375 0.550736128125 0.6713153703125 0.541598259375 0.7676374921875 0.6643484453124999 0.8122788796875 0.6611930578125 0.7027434234375
0 0.675018415625 0.581699653125 0.542656140625 0.5396227546875 0.5426926171875001 0.6239818859375 0.6894456640625 0.6825186171875 0.675018415625 0.581699653125
0 0.65971568125 0.4620836953125 0.5201853796875 0.39147030625 0.5074361406250001 0.4938307578125 0.6645308421875 0.56546715 0.65971568125 0.4620836953125
0 0.6520734359375 0.339789575 0.5105915328124999 0.26906251718749996 0.4971127234375 0.3557588109375 0.6521099125 0.4241487046875 0.6520734359375 0.339789575
0 0.5017272562499999 0.16231889375 0.494221465625 0.24337107656249998 0.6385581453125 0.342126728125 0.6407650984375 0.26414693749999996 0.5017272562499999 0.16231889375
0 0.6358040218750001 0.157630640625 0.5063782671875 0.053238112500000004 0.5028033703125 0.14363556718749998 0.618567925 0.24723242499999998 0.6358040218750001 0.157630640625
0 0.6152666203125 0.134564140625 0.62475186875 0.036387653125 0.49819763593750005 0.029016707812499997 0.6152666203125 0.134564140625
0 0.8740669671875001 1 0.9242395953125 0.9180214890625 0.8938529953125001 0.8506406671875 0.8204035109375001 0.9869577296875001 0.82301841875 1 0.8740669671875001 1
0 0.8620072562500001 0.7519315234375 0.793737725 0.8323122828124999 0.8234859484375001 0.9277749234374999 0.8893661390625001 0.8378820031249999 0.8620072562500001 0.7519315234375
0 0.775316078125 0.68752 0.6793958359375 0.6756846140625 0.6791404859375 0.75377808125 0.77940166875 0.7752392953125 0.775316078125 0.68752
0 0.8613141671875001 0.48632279843750004 0.779784696875 0.49094725156249996 0.7785991453125 0.5908568734374999 0.8737898171875 0.587028103125 0.8613141671875001 0.48632279843750004
0 0.8369282859375 0.42241581562499997 0.7630593015625 0.4243621046875 0.7682210078125 0.493398075 0.8441875078125 0.49469828906249996 0.8369282859375 0.42241581562499997
0 0.8363081515624999 0.3255253546875 0.756146625 0.317732146875 0.758134703125 0.40220494687499997 0.8426371703125 0.4196239828125 0.8363081515624999 0.3255253546875
0 0.8385698218750001 0.20693240781250002 0.744017521875 0.18267936093749998 0.76112594375 0.29927615625000004 0.8570461859374999 0.31111154218750003 0.8385698218750001 0.20693240781250002
0 0.6460909625 0.21134345625 0.647920784375 0.2890920546875 0.7322349609375001 0.34758278125 0.73205256875 0.260090821875 0.6460909625 0.21134345625
0 0.810555996875 1 0.8151323671874999 0.9991480562499999 0.792752803125 0.8947415843750001 0.710293128125 0.9211821921875 0.7123827140625 1 0.810555996875 1
0 0.8649073015625 0.60525675625 0.78469105625 0.6380766906249999 0.8039517093749999 0.717306834375 0.8814867828124999 0.6687090687499999 0.8649073015625 0.60525675625
0 1 0.3611025796875 0.9461814265624999 0.3444220796875 0.935584415625 0.409415878125 1 0.43394336874999995 1 0.3611025796875
0 1 0.2601687953125 0.9509783515624999 0.2384741296875 0.9514525703125001 0.332231753125 1 0.350717134375 1 0.2601687953125
0 0.8931234359375001 0.166369121875 0.8203852828124999 0.1090189359375 0.8174487640624999 0.171334578125 0.8819427687499999 0.2188315984375 0.8931234359375001 0.166369121875
0 0.705240865625 0.1023125375 0.6291831718750001 0.057266346875 0.620683678125 0.12550665 0.7066452890625 0.174254009375 0.705240865625 0.1023125375
0 0.097009815625 1 0.10495048437500001 0.920292665625 0.0423941359375 0.9102190921875 0.046575748437499995 1 0.097009815625 1
0 0.040947403125 0.8791571640625 0.1281325796875 0.8747778671875001 0.10619075781250001 0.779769896875 0.036404006249999996 0.781608625 0.040947403125 0.8791571640625
0 0.0353551359375 0.759088940625 0.10473161718749999 0.748441575 0.076205421875 0.6374284359375 0.0303855765625 0.6523905265625001 0.0353551359375 0.759088940625
0 0.02972479375 0.63820324375 0.08733136875 0.6255791203125 0.055978092187499995 0.495655321875 0.024151959375 0.5185522375 0.02972479375 0.63820324375
0 0.024363709375 0.5230986125 0.0772997796875 0.4937728375 0.046676071875 0.3795131953125 0.01873021875 0.40214532187499996 0.024363709375 0.5230986125
0 0.017974109375 0.385911321875 0.070441821875 0.3465297265625 0.04025585625 0.241668584375 0.012692306249999999 0.2725089203125 0.017974109375 0.385911321875
0 0.191559078125 0.011157045312499999 0.09203710468750001 0.1415814953125 0.1033454421875 0.21722413281250003 0.25115191875 0.0146279328125 0.191559078125 0.011157045312499999
0 0.747683609375 0.470331575 0.670987540625 0.453367203125 0.669947903125 0.5564096609375 0.7498176 0.5579372031250001 0.747683609375 0.470331575
0 0.9445216484375001 0.684877765625 0.8869403203124999 0.7440107109375 0.9046871140625001 0.8325256796874999 0.9616847890625 0.7608614078125 0.9445216484375001 0.684877765625
0 0.9333268 0.5788968984375 0.9919072359375001 0.615777990625 0.9973790125 0.566107346875 0.942643009375 0.519178671875 0.9284346250000001 0.5902108 0.9333268 0.5788968984375
0 1 0.8622606125000001 0.9273037890625 0.9838109640624999 0.9320956656250001 1 0.9919810859375 1 1 0.9857779656250001 1 0.8622606125000001
0 1 0.6526569484375 0.9907399234375 0.5907153328125 0.9231634828124999 0.602401125 0.9435002499999999 0.66294794375 1 0.6662386812500001 1 0.6526569484375
0 0.9150105375 0.301990246875 0.8488020421875 0.30125837031249997 0.8524498921875001 0.3795791734375 0.9207559046875 0.383557546875 0.9150105375 0.301990246875
0 0.735688265625 0.0428489625 0.7177052578125 0.0418015703125 0.7189020703125 0.10310821249999999 0.7970572765624999 0.15140090781249999 0.7977503687499999 0.0827059390625 0.735688265625 0.0428489625