0 1 0.3630238859375 0.8707424828124999 0.34213772656249997 0.913578228125 0.4523666515625 1 0.4526963796875 1 0.3630238859375
0 1 0.279505728125 0.9120212109375 0.2631824640625 0.8948960421875001 0.310258959375 1 0.3358554421875 1 0.279505728125
0 1 0.1931224140625 0.8870406640624999 0.1680907546875 0.8813753656250001 0.21256370000000002 0.9903087828125001 0.2310011484375 1 0.21344793593750003 1 0.1931224140625
0 0.7641474171875 0.1840146015625 0.6614090765625 0.19136080312499998 0.68362478125 0.28308195937499997 0.7721384109375 0.2749687625 0.7641474171875 0.1840146015625
0 0.4958740078125 0.2265692359375 0.5399112500000001 0.28854091249999997 0.5944457609375 0.2721526140625 0.5813579046874999 0.17995719062499999 0.4958740078125 0.2265692359375
0 0.777519828125 0.6080366859375 0.7106274828125 0.594443278125 0.7015642765625001 0.6380887140625 0.75699675 0.6542856718750001 0.777519828125 0.6080366859375
0 0.732616946875 0.5350653375000001 0.6653241078125001 0.53755768125 0.661558015625 0.574401509375 0.7139930750000001 0.5736852015625 0.732616946875 0.5350653375000001
0 0.8786948234375 0.5490626859375001 0.8135014375 0.5358830328125 0.79511013125 0.5880456078125 0.8694313687499999 0.60075099375 0.8786948234375 0.5490626859375001
0 0.5981991953125 0.5104215640625 0.5448984953125 0.5001382015625 0.5413649765625 0.5505247359375 0.5885029203125 0.55661004375 0.5981991953125 0.5104215640625
0 0.7599035296875 0.4688857875 0.6996067609375001 0.46499027656249997 0.6992385796875 0.5026616078125 0.7480754828125 0.5091606703125 0.7599035296875 0.4688857875
0 0.8330619171875 0.41387762187500005 0.7576747968750001 0.3982154359375 0.7556399796875 0.45705860468750004 0.809573746875 0.46479893125 0.8330619171875 0.41387762187500005
0 0.6379344796875001 0.44468052968749994 0.5850339421874999 0.43869676718750006 0.5779252765625 0.47836176718749995 0.629411340625 0.4826211765625 0.6379344796875001 0.44468052968749994
0 0.8098918578125 0.538993346875 0.7606398343749999 0.5035409093750001 0.743101103125 0.5406658234374999 0.789302753125 0.5698558968749999 0.8098918578125 0.538993346875
0 0.7554312765625 0.3615253390625 0.6999066921875 0.3438635421875 0.69029295 0.37877885 0.7414716765625 0.3953822765625 0.7554312765625 0.3615253390625
0 0.8654028046875 0.1123325234375 0.7775107078125 0.16544090312499998 0.795489059375 0.2043161015625 0.86430896875 0.1796799453125 0.8654028046875 0.1123325234375
0 0.6785109671875 0.126152403125 0.6092316765625 0.13411820000000002 0.6054807140625 0.1677015515625 0.6742312453125 0.1692660921875 0.6785109671875 0.126152403125
0 0.659693278125 0.1795243265625 0.5767286484375 0.18691701562500002 0.604879334375 0.2738053625 0.6647167125 0.2704394953125 0.659693278125 0.1795243265625
0 0.677532875 0.270800928125 0.6237631671874999 0.26460549843750003 0.599713903125 0.305664365625 0.6500234578125 0.32205611875 0.677532875 0.270800928125
0 0.8289737625000001 0.29940282812499996 0.77465875625 0.291694721875 0.7533194578125 0.32927394374999996 0.7967780765625 0.339857634375 0.8289737625000001 0.29940282812499996
0 0.6607511515625 0.52337048125 0.6013400890625 0.5213206765625 0.6042186359375 0.5578984203124999 0.650489665625 0.5608877875 0.6607511515625 0.52337048125
0 0.7072633781250001 0.4698437703125 0.6448019453125 0.4615316046875 0.6399603875000001 0.4920896109375 0.6820045390625 0.50094895 0.7072633781250001 0.4698437703125
0 0.6496104359375 0.40888756718749997 0.594647684375 0.4037814609375 0.59263506875 0.43778816249999997 0.6390085453125 0.43666285781249997 0.6496104359375 0.40888756718749997
0 0.8999982203125001 0.5140216890625 0.8263399953125001 0.49884308437499997 0.8205268203125 0.5333040875 0.8849480234374999 0.544853278125 0.8999982203125001 0.5140216890625
0 0.37807818593750003 0.1813147734375 0.43298809531250004 0.22366460312499997 0.49770010156250005 0.2118267640625 0.4360086359375 0.137468171875 0.3832105453125 0.12736974375000001 0.37807818593750003 0.1813147734375
0 0.522773821875 0.12962118125 0.4557814109375 0.0691502328125 0.3830948046875 0.050068634375 0.398174834375 0.11169583593750002 0.45303513906250004 0.12091661718749999 0.5023036984375 0.1674120703125 0.522773821875 0.12962118125
0 0.369098896875 0.1322123015625 0.2891515671875 0.1237813296875 0.33978175781250003 0.20924485 0.3882174484375 0.20724189375000002 0.369098896875 0.1322123015625
0 0.24182625 0.06947988125 0.1541422828125 0.0439861546875 0.17295350468749998 0.1313597546875 0.2857244859375 0.15606367968749998 0.24182625 0.06947988125
0 0.554606434375 0.5720337109375 0.5727037671875 0.6178372515625 0.6391541171874999 0.606422759375 0.6375710578125 0.5646410265624999 0.554606434375 0.5720337109375
0 0.586292784375 0.11887266406250001 0.513160084375 0.1645364859375 0.5286333671875 0.1986619859375 0.58733054375 0.1591417296875 0.586292784375 0.11887266406250001
0 0.6089839968749999 0.3313798078125 0.55696916875 0.336650740625 0.5858204437500001 0.3836933640625 0.636301815625 0.36976974375 0.6089839968749999 0.3313798078125
0 0.199283171875 0.1626096765625 0.2357521015625 0.21978670625 0.2865904203125 0.22664811875000002 0.25964931406249997 0.14971346562500001 0.2054367546875 0.1378906890625 0.199283171875 0.1626096765625
0 0.8385777843750001 0.47560581874999996 0.7757924796875 0.4685946484375 0.7705246031249999 0.5045683249999999 0.8158240156250001 0.511460690625 0.8385777843750001 0.47560581874999996
0 0.92019731875 0.44028808125 0.8340468031249999 0.4234470453125 0.8221659562499999 0.46746934375000004 0.9049422265624999 0.4793490125 0.92019731875 0.44028808125
0 0.779741853125 0.5675274828125 0.71893285625 0.57479634375 0.7185396109375 0.602298046875 0.7740311234374999 0.5978738156250001 0.779741853125 0.5675274828125
0 0.7883307921875 0.2108520515625 0.7767209703125 0.29081707031250004 0.8376489515625 0.290476553125 0.851132628125 0.2289062390625 0.884095040625 0.1927777796875 0.7883307921875 0.2108520515625
0 0.7885327875 0.6359023140625 0.750371875 0.68180374375 0.779530484375 0.7165023546875 0.8372560437500001 0.68088509375 0.7885327875 0.6359023140625
0 0.8460369171875 0.59747138125 0.7845471046875 0.5852562078125 0.7761264109375 0.6190821921875 0.8364231796875 0.6323866875 0.8460369171875 0.59747138125
0 0.69360105625 0.33956814999999996 0.655869703125 0.3096811484375 0.629434353125 0.3529186625 0.6683587531249999 0.38171634375 0.69360105625 0.33956814999999996
0 0.7588946703125 0.28095625156250004 0.6931779765625 0.2746110578125 0.676729840625 0.31476131875 0.7396341234375 0.32870083125 0.7588946703125 0.28095625156250004