0 0.40157964843749994 0.26668934375000003 0.5123962578125 0.27794521875 0.497483803125 0.2187000640625 0.392743990625 0.22412555156249997 0.40157964843749994 0.26668934375000003
0 0.30851033125 0.3026256203125 0.4341118046875 0.3147975609375 0.42797121406249994 0.26895165312499997 0.3022299671875 0.26555058593749997 0.30851033125 0.3026256203125
0 0.33597133281249997 0.503120809375 0.45356359062499996 0.4872036796875 0.444867703125 0.43586901874999995 0.328724759375 0.460341921875 0.33597133281249997 0.503120809375
0 0.352257128125 0.6088571625 0.4704722640625 0.587021084375 0.45700911875 0.5363317109375 0.34404434375 0.560374421875 0.352257128125 0.6088571625
0 0.4515308359375 0.6479313328125 0.5801069171875 0.6392794015625001 0.5671268781250001 0.59144195625 0.443457825 0.5906777203125 0.4515308359375 0.6479313328125
0 0.16821504062499998 0.5491666234375 0.31495771875 0.5613942328125 0.3041896421875 0.5074227359375 0.1617311125 0.491697915625 0.16821504062499998 0.5491666234375
0 0.141911634375 0.441868921875 0.2970828390625 0.45587297812500005 0.2881833875 0.38414464375 0.13176642968750002 0.3819784828125 0.141911634375 0.441868921875
0 0.02376029375 0.492869546875 0.1917839484375 0.49638195625000003 0.168646528125 0.45575403124999997 0.014098196875 0.4358310328125 0.02376029375 0.492869546875
0 0.1250911171875 0.2370161328125 0.2662401 0.235414309375 0.25070476875000003 0.18208810312499998 0.11750120625 0.1826144515625 0.1250911171875 0.2370161328125
0 0.139304721875 0.3401156578125 0.27886462343749996 0.3387289234375 0.260290890625 0.2770620390625 0.134753215625 0.2940546484375 0.139304721875 0.3401156578125
0 0.016753826562499997 0.26918443281250004 0.14857187031250002 0.28926685937499996 0.1418084 0.24933989374999999 0.015863590625 0.22554516093750002 0.016753826562499997 0.26918443281250004
0 0.31981312812499996 0.45571355156250004 0.413569115625 0.44302286874999997 0.39202078125 0.40217985624999997 0.313672534375 0.4098676453125 0.31981312812499996 0.45571355156250004
0 0.43331262343750004 0.5307872765625 0.5587743281249999 0.5517300875 0.5521506281249999 0.5030322593750001 0.42413362968749996 0.4766006921875 0.43331262343750004 0.5307872765625
0 0.4154377421875 0.425266028125 0.544904053125 0.46025337187500004 0.5387634640625001 0.4144074640625 0.41150910625000003 0.373286071875 0.4154377421875 0.425266028125
0 0.551272571875 0.392293015625 0.6256162125 0.3705606953125 0.609941109375 0.3260053578125 0.538775640625 0.34730749375 0.551272571875 0.392293015625
0 0.5988447781249999 0.5579754796875 0.6749172703124999 0.5272571828125 0.6533689328125 0.48641416406250004 0.5879369296875 0.5127748640625 0.5988447781249999 0.5579754796875
0 0.7147597953125 0.6473088390624999 0.8245464 0.6236963156249999 0.813778321875 0.5697248265625 0.699847340625 0.5880636859374999 0.7147597953125 0.6473088390624999
0 0.710220465625 0.5341478656249999 0.8101930218750001 0.52936766875 0.8056415140625001 0.48330666562499996 0.6972404296875 0.48631041562500005 0.710220465625 0.5341478656249999
0 0.7084399968749999 0.44686932031250004 0.801573109375 0.440097584375 0.792737453125 0.39753379375 0.6946973140625 0.413721696875 0.7084399968749999 0.44686932031250004
0 0.5804746109375001 0.51670226875 0.6313374953124999 0.442719221875 0.6045388046875 0.399669565625 0.55796006875 0.4701554 0.5804746109375001 0.51670226875
0 0.6190713859375 0.64859181875 0.6908597328125 0.621370734375 0.679329009375 0.582089065625 0.608023771875 0.612162071875 0.6190713859375 0.64859181875
0 0.6728056453125 0.361255875 0.7284995796875 0.31579208125 0.7175917328125 0.2705914640625 0.649324890625 0.30900515 0.6728056453125 0.361255875
0 0.7154951828125 0.4021545671875 0.7912881390625001 0.38897801875 0.7778249953125 0.33828864531249997 0.705210209375 0.351035 0.7154951828125 0.4021545671875
0 0.6081119234375 0.50712668125 0.7172756515625001 0.4894331125 0.695523753125 0.42819641875 0.6040435203125 0.46391760625 0.6081119234375 0.50712668125
0 0.037897925 0.6339044859375 0.20779020625000003 0.6196600546875 0.18555519843749999 0.555571434375 0.026926284374999998 0.5595393171875 0.037897925 0.6339044859375
0 0.21359964531250003 0.5867831984375 0.314462434375 0.6256422734375 0.3129493234375 0.5879219484375 0.21954885000000002 0.5451354640625 0.21359964531250003 0.5867831984375
0 0.0038457671875000003 0.3305044546875 0.00422511875 0.36310585781250004 0.0105128953125 0.39547387500000003 0.16851893906249998 0.3974249390625 0.155678671875 0.34081661875 0.0038457671875000003 0.3305044546875
0 0.3067055015625 0.349547015625 0.3996988453125 0.35154615 0.3829177625 0.3100578421875 0.30118778125 0.297782153125 0.3067055015625 0.349547015625
0 0.188900396875 0.77683481875 0.3554747359375 0.7717914453125 0.3288158140625 0.7199709171875 0.1709495421875 0.7092489843750001 0.188900396875 0.77683481875
0 0.3694847796875 0.8544972984375001 0.5090446796875 0.8531105625000001 0.48666990312499997 0.79779281875 0.3560216328125 0.8038079171874999 0.3694847796875 0.8544972984375001
0 0.2169964546875 0.9043110890625 0.3630524625 0.893293096875 0.3508350734375 0.8307658265625 0.2042959578125 0.8389318953125 0.2169964546875 0.9043110890625
0 0.200762275 0.8948392500000001 0.0717208046875 0.9256933796875 0.0828863828125 0.9916074375000001 0.226658553125 0.961349603125 0.200762275 0.8948392500000001
0 0.358870665625 1 0.34777231406250003 0.95662508125 0.19535996875 0.9685034578125 0.196496428125 1 0.358870665625 1
0 0.37340123125 0.9735772125000001 0.5235378265625 0.9386683375 0.4957729203125 0.8899148312499999 0.3594549875 0.9200359171875 0.37340123125 0.9735772125000001
0 0.496167871875 0.9978021437500001 0.63938905 0.9988371468749999 0.6310364953125001 0.9591252796875 0.491895903125 0.9341993937499999 0.496167871875 0.9978021437500001
0 0.4894165828125 0.8907752171875 0.6235863578124999 0.89595271875 0.615373575 0.8474699859375001 0.4794749484375 0.8512784437500001 0.4894165828125 0.8907752171875
0 0.46856710156250003 0.8060778265625 0.60985585625 0.795705125 0.5941807531250001 0.7511497984375 0.5925916703125 0.75136489375 0.4581423578125 0.7637291328125 0.46856710156250003 0.8060778265625
0 0.683005359375 0.8820752078125 0.7590778546875 0.8513569125 0.7402245859375001 0.8072317734375 0.672237284375 0.8281037171875001 0.683005359375 0.8820752078125
0 0.77646963125 0.9540262421874999 0.7536117515625 0.89585656875 0.6732551109375 0.930072084375 0.685734728125 0.9943142484375 0.6895761609375 0.993794278125 0.77646963125 0.9540262421874999
0 0.7670232765625 0.8502814296875 0.8926247546875 0.8624533671875 0.8807506984375 0.8115488984375 0.7626115375 0.7954495546875 0.7670232765625 0.8502814296875
0 0.7817199890625 0.9562328765625001 0.8939221187499999 0.946879984375 0.8893706109374999 0.9008189828125 0.7725409953125 0.9020462859375 0.7817199890625 0.9562328765625001
0 0.1879098265625 0.9053308984375 0.1742431203125 0.8342478468750001 0.05982903125 0.8497347828124999 0.06119448281249999 0.863553078125 0.0704853546875 0.9184001203125 0.1879098265625 0.9053308984375
0 0.216054603125 0.7644073015624999 0.04637513125 0.7760696078125 0.058906 0.850043409375 0.2260600375 0.8330686171874999 0.216054603125 0.7644073015624999
0 0.4879916296875 0.7480195015625 0.6000539875 0.7474374890625 0.5819633625 0.688622525 0.478189759375 0.6997518640625 0.4879916296875 0.7480195015625
0 0.3611322234375 0.8147854296875 0.4612445515625 0.8012343609375 0.4436370328125 0.7452713265625001 0.3514701265625 0.7577469156250001 0.3611322234375 0.8147854296875
0 0.0018417921875 0.1582832484375 0.002191084375 0.18830128125 0.0059857453125000005 0.21521293749999998 0.10934003750000001 0.230396228125 0.10506806718749999 0.166793475 0.0018417921875 0.1582832484375
0 0.4157932578125 0.369788859375 0.5378732296875001 0.3707681921875 0.525999171875 0.319863721875 0.41297059843749995 0.31474188281250004 0.4157932578125 0.369788859375
0 0.346791028125 0.6533568171875 0.439441034375 0.6437331546875 0.4290162921875 0.601384459375 0.3401673265625 0.6046589828125 0.346791028125 0.6533568171875
0 0.8952584515625001 0.811645834375 0.9049650890625 0.8497423515625 0.9213501000000001 0.8504437890625001 0.9885183171874999 0.834053771875 0.97825831875 0.79749179375 0.9158605765625 0.8132360875 0.8952584515625001 0.811645834375
0 1 0.87851316875 0.9474417484375 0.889241746875 0.9066510078125001 0.8933034843750001 0.9116571015625 0.92765733125 0.9459473515625 0.9332333609375001 1 0.91835604375 1 0.87851316875
0 0.8961492890624999 0.85531458125 0.9016388171875 0.8925222828124999 0.9426013453125 0.8942758718749999 0.9925894703125 0.877292034375 0.9851981359374999 0.84326105 0.9318579109374999 0.8548600437499999 0.8961492890624999 0.85531458125
0 0.8696943421875 0.72314855625 0.8770157421875 0.7615679421875 0.89951966875 0.759981484375 0.97204364375 0.756003315625 0.9615419265625 0.7180144125 0.9017392171875 0.7202706484375 0.8696943421875 0.72314855625
0 0.654069790625 0.8618085359375 0.66093968125 0.9119661875 0.6861724125 0.9216875234374999 0.7926810765625001 0.8926742093750001 0.777790465625 0.8479811609375 0.690052046875 0.877373046875 0.654069790625 0.8618085359375
0 0.822951821875 0.9513415125 0.8277517609375 0.9750910156250001 0.89616418125 0.965830803125 0.8933322734375 0.9491131296875001 0.822951821875 0.9513415125
0 0.7910392671875 0.7965599140624999 0.87323795625 0.816086140625 0.8608724484374999 0.762293434375 0.7870380499999999 0.7489332484375 0.7910392671875 0.7965599140624999
0 0.842742328125 0.47281862031250005 0.9206600671875 0.46227177968750005 0.9080148296875 0.4260326640625 0.83231054375 0.4304413171875 0.842742328125 0.47281862031250005
0 0.8215427375000001 0.5253160765625 0.829659215625 0.5636278406249999 0.858212128125 0.564141890625 0.9359960953125 0.52879920625 0.9314734328125001 0.49729920781250003 0.855419484375 0.5236498562499999 0.8215427375000001 0.5253160765625
0 1 0.57543073125 0.9950675625000001 0.55583483125 0.9264870703125 0.544682778125 0.93086986875 0.5849595703125 1 0.594654815625 1 0.57543073125
0 0.8720598484375 0.641088278125 0.9538511328125001 0.619799609375 0.9482916749999999 0.5869803124999999 0.8624231421875 0.598603359375 0.8720598484375 0.641088278125
0 0.7420606609375 0.5842429250000001 0.8257856734375 0.57436966875 0.8143870265625001 0.5262846625 0.732563821875 0.5329812125 0.7420606609375 0.5842429250000001
0 0.617093396875 0.6099161953125 0.7236020625 0.5809028781250001 0.712686846875 0.5356717328125 0.6015475734375 0.556553971875 0.617093396875 0.6099161953125
0 0.9327580375 0.46647279375000006 0.9880639062500001 0.48088133437499997 0.9880699999999999 0.4473086859375 0.92861695 0.427622925 0.9327580375 0.46647279375000006
0 0.9286746953125 0.49037982031249994 0.9934835 0.5224774328125 0.9976367703125 0.49418200468749995 0.9278157796875 0.46130319374999995 0.9286746953125 0.49037982031249994
0 0.8384294593750001 0.428153425 0.8953635 0.42336620468749997 0.883513340625 0.3870194671875 0.8269608828124999 0.3844568171875 0.8384294593750001 0.428153425
0 0.8493704984375 0.5215493484375 0.9092112218749999 0.500312590625 0.8968076999999999 0.46550040625 0.8394920812500001 0.4776375046875 0.8493704984375 0.5215493484375
0 0.8254467484375001 0.34671101875 0.8816176296875 0.35662353593749996 0.8773366796875001 0.3265504703125 0.8169486890625001 0.3157491296875 0.8254467484375001 0.34671101875
0 0.9225679687499999 0.42552242187499995 0.994672346875 0.44787464374999997 0.98289211875 0.40713951406250004 0.916111578125 0.38260701406250003 0.9225679687499999 0.42552242187499995
0 1 0.5295723390625 0.9456449906250001 0.504138834375 0.948990996875 0.54309631875 1 0.5576174843749999 1 0.5295723390625
0 1 0.7531900874999999 0.9638511359375 0.7556526 0.9711026046875 0.79846038125 1 0.7963800734375 1 0.7531900874999999
0 1 0.8385504906250001 0.991870415625 0.8394386125000001 1 0.8688465593749999 1 0.8385504906250001
0 1 0.9203359671875001 0.9527914140625 0.9352262437500001 0.9111736703125001 0.9248034765625001 0.91535546875 0.9632330953125001 1 0.9517757265625001 1 0.9203359671875001
0 0.6620319171875 0.7475635296875 0.741193590625 0.7719743953125 0.7434892578125 0.7277560546874999 0.6573247921875 0.7101474249999999 0.6620319171875 0.7475635296875
0 0.76337261875 0.321865578125 0.7746320546875001 0.3460507765625 0.814484171875 0.3135188984375 0.8625833875 0.31557800937499997 0.8616744890625 0.29142006875000004 0.8135440421875 0.2750822671875 0.76337261875 0.321865578125
0 0.6309795874999999 0.76987061875 0.639356446875 0.829279125 0.6708304640625 0.8159374843749999 0.7775072890625 0.7984707359375001 0.7729956984374999 0.77183734375 0.7756471687500001 0.7775326812500001 0.772639440625 0.7597770890625 0.66725525625 0.76496039375 0.6309795874999999 0.76987061875