0 0.5375218703125 0.0031272109375000004 0.57194736875 0.1132970265625 0.9122922171875001 0.0461788921875 0.9023781218750001 0.0052498828125 0.5375218703125 0.0031272109375000004
0 0.7213676375 0.177167084375 0.9367772015625 0.1596846 0.9181165968749999 0.069311215625 0.7051099187500001 0.0984308796875 0.7213676375 0.177167084375
0 0.47523639375000004 0.00276484375 0.460935625 0.0026816453125 0.1046508984375 0.134007690625 0.137837759375 0.24398002187499998 0.48939591406250005 0.13981481406250001 0.47523639375000004 0.00276484375
0 0.43074002499999997 0.271908575 0.68464735625 0.222638359375 0.655480846875 0.11183589218750001 0.408095053125 0.17238923281250002 0.43074002499999997 0.271908575
0 0.17075604375 0.3729523796875 0.3911618234375 0.283238246875 0.36449650624999996 0.184549040625 0.13779163125 0.2945084046875 0.17075604375 0.3729523796875
0 0.218950025 0.5556042796875 0.5896279078125 0.4222317390625 0.55720063125 0.30578770781250003 0.1798669265625 0.43737713906250003 0.218950025 0.5556042796875
0 0.5177485359375 0.5917876421875 0.768395096875 0.536875865625 0.7526745140625 0.42013960624999996 0.49273666250000003 0.47065502812500004 0.5177485359375 0.5917876421875
0 0.24945528593750002 0.7134917484375001 0.4749095671875 0.597475753125 0.444983478125 0.49314498437500004 0.20773671718750003 0.5926513625000001 0.24945528593750002 0.7134917484375001
0 0.27897852031250003 0.8463225578125 0.6654692343749999 0.7286294984375 0.6476041953125 0.6218083265625001 0.249677728125 0.7450201078124999 0.27897852031250003 0.8463225578125
0 0.6121724453125 0.90697813125 0.8508922406250001 0.8450567421875 0.8244954921875 0.72736750625 0.8252550718749999 0.7208958078125 0.5771096984375 0.7879208453125 0.6121724453125 0.90697813125
0 0.3403615140625 1 0.5615613453125 0.8953264750000001 0.52524800625 0.77021256875 0.2796919765625 0.890379246875 0.3219667890625 1 0.3403615140625 1
0 0.6366215109375 0.4062134828125 0.9763704890625 0.35143506874999997 0.952020296875 0.23350698125 0.6040599515625 0.29926946875 0.6366215109375 0.4062134828125
0 0.9970980078125 0.5046277875 0.997396825 0.4532657109375 0.9822743078125 0.3800272890625 0.77103465625 0.3974039734375 0.80006688125 0.517706453125 0.9970980078125 0.5046277875
0 0.99682315 0.5518720671875 0.69799285 0.6019316171875 0.7251491828125001 0.7131491546875 0.996131809375 0.6707033375 0.99682315 0.5518720671875
0 0.562302875 1 0.7170029171875 0.9680570109375 0.7081237015624999 0.9250549296875 0.41368340937500003 1 0.562302875 1
0 0 0.278947709375 0.0786488203125 0.2719886984375 0.07132566875 0.1756205125 0 0.186711953125 0 0.278947709375
0 0 0.41012616562500004 0.0894551859375 0.40552680468749996 0.0841422046875 0.3087435515625 0 0.31921398125 0 0.41012616562500004
0 0 0.5681207015624999 0.0006518921875 0.5712778171874999 0.1092842734375 0.56246129375 0.1087512265625 0.4583762078125 0 0.4661198640625 0 0.5681207015624999
0 0.148950634375 0.592159996875 0.0061189703125 0.597754903125 0.03163478125 0.7213280937500001 0.15109100312499998 0.7243300546875 0.148950634375 0.592159996875
0 0.1892382 0.7669721484375 0.040853067187499995 0.7659722906249999 0.062016151562499996 0.86846520625 0.1937915953125 0.8702271015624999 0.1892382 0.7669721484375
0 0.197930528125 1 0.189368390625 0.8995572765625001 0.06705154375 0.8928516328124999 0.0891759015625 1 0.197930528125 1