0 0.345886403125 0.2277360953125 0.1937513390625 0.12131448593750001 0.174413115625 0.2140997921875 0.3346753328125 0.29937805 0.345886403125 0.2277360953125
0 0.3609542359375 0.318461428125 0.196876 0.233116546875 0.17193752812500002 0.32048276875 0.3306630734375 0.389770271875 0.3609542359375 0.318461428125
0 0.3146563203125 0.4214186765625 0.1559926671875 0.3494715984375 0.1484119453125 0.4291589 0.2998149015625 0.4850152828125 0.3146563203125 0.4214186765625
0 0.291316409375 0.5221160828125 0.12311270625 0.45000244843750004 0.0999584625 0.5427211328125 0.266749275 0.5935248578125 0.291316409375 0.5221160828125
0 0.26828594375 0.609515615625 0.087705840625 0.5770957343750001 0.07606154375 0.6673547109375 0.25104139999999997 0.694355509375 0.26828594375 0.609515615625
0 0.21841957031249998 0.7017679421875 0.0614676828125 0.720313021875 0.06324134218750001 0.8081455999999999 0.22013133906250001 0.792260096875 0.21841957031249998 0.7017679421875
0 0.4996411671875 0.18252865000000001 0.3513734421875 0.1559942078125 0.3527757625 0.2597842328125 0.4937827890625 0.27022798593749997 0.4996411671875 0.18252865000000001
0 0.5054784046874999 0.2597895546875 0.36538915312500003 0.29193230625 0.369256490625 0.3718194734375 0.499620025 0.3474888890625 0.5054784046874999 0.2597895546875
0 0.47228899531249996 0.37361827812500004 0.3421111296875 0.3899701390625 0.340501996875 0.459119075 0.470246634375 0.4613842359375 0.47228899531249996 0.37361827812500004
0 0.46218136875000004 0.4798680125 0.322339678125 0.501372465625 0.3204829859375 0.5811596984375 0.462294578125 0.55702898125 0.46218136875000004 0.4798680125
0 0.451949965625 0.5914368953125 0.2810231140625 0.636344540625 0.28883025 0.71097918125 0.4537855125 0.6766099 0.451949965625 0.5914368953125
0 0.40583771874999996 0.68641541875 0.2464208140625 0.72886335625 0.25416605937500003 0.8061575718749999 0.4112417265625 0.7822933437499999 0.40583771874999996 0.68641541875
0 0.6394722890625 0.24350431718749999 0.5247547375 0.1696638234375 0.506159190625 0.2305342359375 0.6250640984375 0.28848390468749996 0.6394722890625 0.24350431718749999
0 0.6439585234375 0.296795740625 0.5174110046875 0.321192946875 0.5290341609375 0.39589420937500003 0.6461654078125 0.3660112984375 0.6439585234375 0.296795740625
0 0.6340984546875 0.3924071765625 0.5042300375 0.3954611640625 0.4982478796875 0.4884796484375 0.630086196875 0.48279939687500006 0.6340984546875 0.3924071765625
0 0.6090980921875 0.48243297343749997 0.48427291562499997 0.5148422140625 0.48044632500000006 0.5972557109375 0.614563990625 0.575651325 0.6090980921875 0.48243297343749997
0 0.5914822078124999 0.5832303125 0.455270865625 0.6127801140625 0.45895253281250004 0.7006460031249999 0.597133775 0.6684699421875 0.5914822078124999 0.5832303125
0 0.5699884171875 0.68662060625 0.429589715625 0.7320612296875 0.43573639843749995 0.7960242609375 0.5775479921875 0.77189354375 0.5699884171875 0.68662060625
0 0.6535710296875 0.2118226015625 0.63528493125 0.259395140625 0.744959240625 0.30388038281249996 0.7613373296875 0.2562745328125 0.6517868 0.2064701421875 0.6535710296875 0.2118226015625
0 0.7677934640624999 0.30693969062500004 0.6571289203124999 0.305007640625 0.65533411875 0.38213530156250003 0.766246221875 0.373429053125 0.7677934640624999 0.30693969062500004
0 0.756272946875 0.39187951875000004 0.6470831828125 0.4085978015625 0.6472582796874999 0.48309919843750004 0.7565099328125 0.4637213390625 0.756272946875 0.39187951875000004
0 0.7273327843749999 0.4871578421875 0.624908603125 0.5412434125 0.6387492156250001 0.602680115625 0.7432051859375 0.54330870625 0.7273327843749999 0.4871578421875
0 0.711748690625 0.5826693453125 0.6014449109375 0.64725996875 0.607777265625 0.703244278125 0.72774486875 0.6335010609375 0.711748690625 0.5826693453125
0 0.697948825 0.6835333078125 0.5803843468750001 0.7320332390625001 0.6131812734375 0.799122203125 0.7095719765624999 0.7582345703125 0.697948825 0.6835333078125
0 0.8773439937499999 0.35674408125 0.781200846875 0.386993415625 0.78931743125 0.4483301828125 0.876044309375 0.4125951453125 0.8773439937499999 0.35674408125
0 0.8621931265624999 0.4336385625 0.748568446875 0.4768859671875 0.7606248296875 0.532970209375 0.8645237921875 0.49753497187500006 0.8621931265624999 0.4336385625
0 0.8597175375000001 0.5400215421875 0.7487435453125 0.5513873640625 0.7511361 0.6126241984374999 0.850600146875 0.6037180828125 0.8597175375000001 0.5400215421875
0 0.84653656875 0.614289759375 0.7199271625 0.6413465390625 0.7257643984375 0.7186074421875001 0.8485577859375001 0.691484040625 0.84653656875 0.614289759375
0 0.869351190625 0.29008816406250004 0.770567928125 0.2697389609375 0.7726510359375001 0.3442736671875 0.8660197171874999 0.3512250640625 0.869351190625 0.29008816406250004
0 0.8138422796875 0.7068418859375 0.7101289859375 0.7342984 0.729755515625 0.7931754625 0.8240525421875 0.7602332421875 0.8138422796875 0.7068418859375
0 0.941710621875 0.461633378125 0.8691443781249999 0.463027125 0.8677209140625 0.524197340625 0.9402252703125 0.5254631640625 0.941710621875 0.461633378125
0 0.9322837843749999 0.5386277921875 0.8632859984374999 0.5507264609375 0.8731868125 0.617415690625 0.9366462375 0.5972383625 0.9322837843749999 0.5386277921875
0 0.947970515625 0.6027573796875 0.8535497078125 0.6410187484375001 0.8593869468750001 0.718279653125 0.9386674546875 0.6744326468749999 0.947970515625 0.6027573796875
0 0.9304784109375 0.6982355703125 0.8323034765624999 0.73377074375 0.8327261328125 0.7976338421875 0.9368107625000001 0.754219878125 0.9304784109375 0.6982355703125
0 0.1937407671875 0.20379460468750002 0.088439484375 0.1354398171875 0.0732886171875 0.21233429843749999 0.1671418453125 0.28048921718750003 0.1937407671875 0.20379460468750002
0 0.1571685703125 0.29893968593750003 0.07420639375 0.2549208 0.062623984375 0.3425202015625 0.1326014359375 0.37034846093749996 0.1571685703125 0.29893968593750003