0 0.3896140328125 0.24113555781249998 0.14835981250000002 0.2914112453125 0.227918425 0.3537768140625 0.4653755109375 0.2910481109375 0.3896140328125 0.24113555781249998
0 0.48947990937499997 0.332280803125 0.2099144765625 0.37982578125 0.22682937656250002 0.44475457812499997 0.4988005453125 0.3723035703125 0.48947990937499997 0.332280803125
0 0.775429803125 0.26785444531249997 0.5400434703125 0.3279194328125 0.5644363453125 0.38900808124999997 0.8047692312500001 0.3168009375 0.775429803125 0.26785444531249997
0 0.5887263453125 0.7334075296875 0.2980579953125 0.7634494171874999 0.28063099999999996 0.8292102937499999 0.6031098218750001 0.79003431875 0.5887263453125 0.7334075296875
0 0.5144497328125001 0.43308136093750005 0.2626695453125 0.505565865625 0.2764201671875 0.5601171515625001 0.5283725453125 0.4787424171875 0.5144497328125001 0.43308136093750005
0 0.5674284296875001 0.4082758203125 0.593775778125 0.437954565625 0.8272635390625 0.3716630734375 0.8193808031250001 0.3269010875 0.562826253125 0.402637525 0.5674284296875001 0.4082758203125
0 0.8450916703125 0.49670083125 0.5817775375 0.5299967156250001 0.6051653265625 0.593886728125 0.8376886656250001 0.5492955203125 0.8450916703125 0.49670083125
0 0.534150453125 0.5403587812499999 0.2660060359375 0.6346868078125001 0.2775453875 0.69815558125 0.584041165625 0.6014817 0.534150453125 0.5403587812499999
0 0.856397684375 0.5722166140625 0.616313765625 0.63044899375 0.6222410140625 0.701136896875 0.876979421875 0.6397161890625 0.856397684375 0.5722166140625
0 0.8881278640625 0.6762784578125001 0.6322985531249999 0.746933696875 0.6227137359375 0.81799744375 0.9084762640624999 0.7558250421875 0.8881278640625 0.6762784578125001
0 0.8675340109375 0.3268697453125 0.9669399125 0.281324821875 0.9470824500000001 0.21620056718749997 0.826685684375 0.2697776265625 0.8675340109375 0.3268697453125
0 0.840955321875 0.380637365625 0.8508552890625 0.3874806484375 0.8708127796875 0.44012072812499997 0.9980893625 0.3834821203125 0.9787420234375 0.320030859375 0.840955321875 0.380637365625
0 1 0.428429790625 0.8681643093750001 0.482683809375 0.8991126671874999 0.5329326421875 1 0.490533778125 1 0.428429790625
0 1 0.5492470421875 0.9018429609374999 0.5803236046875 0.9181368359375 0.63376076875 1 0.6048106921875 1 0.5492470421875
0 0.019360487500000002 0.3324067359375 0.1250634390625 0.30527559531250004 0.1175895125 0.2770081015625 0.0175494 0.3013115734375 0.019360487500000002 0.3324067359375
0 0.0214137296875 0.3676595296875 0.132400559375 0.340606634375 0.1282171828125 0.30810633906249996 0.0195655625 0.335927721875 0.0214137296875 0.3676595296875
0 0.02377705 0.408236190625 0.116862825 0.38355215 0.110782759375 0.35234372812500003 0.021856053125 0.3752539515625 0.02377705 0.408236190625
0 0.0268932375 0.461739059375 0.106604715625 0.443812665625 0.100959071875 0.41778506562500006 0.025358870312499997 0.43539499687500005 0.0268932375 0.461739059375
0 0.029129965624999997 0.5001421828125 0.10377256875 0.47959775625 0.0959788265625 0.4540375109375 0.027508978125 0.47231091562499994 0.029129965624999997 0.5001421828125
0 0.031915343750000005 0.5479652921875 0.09945593750000001 0.536807159375 0.0972838484375 0.5109030531250001 0.0304662984375 0.52308614375 0.031915343750000005 0.5479652921875
0 0.7382851421875001 0.20611288593750002 0.49423661093750004 0.2485049359375 0.5101782125 0.3138529953125 0.76261243125 0.24669768749999998 0.7382851421875001 0.20611288593750002