0 0.9873810921875 0.3620979734375 0.9963740609375 0.1413946890625 0.6884951015625 0.0481022 0.6648658625 0.045203265625 0.6207107140625 0.2558366734375 0.9873810921875 0.3620979734375
0 0.59452323125 0.47571956406250004 0.92256485625 0.601093684375 0.9539088671875 0.41413358906250003 0.6217458125 0.29412476718749997 0.59452323125 0.47571956406250004
0 0.5454767734375 0.7427009921875001 0.9008204937500001 0.8127152625 0.9245650265625001 0.6306937718750001 0.5624563296875 0.5422367296874999 0.5454767734375 0.7427009921875001
0 0.8693490703125001 1 0.8792482796875 0.8482297953125 0.556433209375 0.8027545625 0.52225453125 0.9834959546875 0.6221010125 1 0.8693490703125001 1
0 0.517460378125 0.027118949999999996 0.23088346875000001 0.012100090625 0.215830340625 0.12397112968749999 0.5235770359374999 0.1940169375 0.5452383453125 0.030526865625 0.517460378125 0.027118949999999996
0 0.154289028125 0.3923551046875 0.4723998375 0.416704915625 0.485971371875 0.26279005 0.1789380890625 0.2339283375 0.154289028125 0.3923551046875
0 0.1734467421875 0.6324784765625 0.48936626250000004 0.644817571875 0.5095722031250001 0.494652115625 0.18386191875 0.47524090937499996 0.1734467421875 0.6324784765625
0 0.1441029015625 0.8490386578125 0.45461423281249996 0.878327071875 0.4784893375 0.7109989453125001 0.16765631718750001 0.68460653125 0.1441029015625 0.8490386578125
0 0.10543733749999999 0.1339114078125 0.020225164062500002 0.123457225 0.0068962625 0.2434501125 0.0996563984375 0.26529830625 0.10543733749999999 0.1339114078125
0 0 0.5141521296875 0.07006089531250001 0.53173059375 0.08782388437500001 0.419426521875 0 0.40587134531249996 0 0.5141521296875
0 0 0.66524680625 0.050176643750000006 0.6790000484375 0.0690352765625 0.5727013359375001 0 0.552711165625 0 0.66524680625
0 0 0.8220623 0.02127558125 0.828098753125 0.039490834375 0.7275920515625 0 0.713263925 0 0.8220623