0 0 0.62255828125 0.1026658734375 0.6688309359375 0.197254584375 0.5935590015625001 0 0.502268646875 0 0.62255828125
0 0 0.4715856734375 0.196585940625 0.54077968125 0.21567438437500003 0.4858751375 0 0.4004971015625 0 0.4715856734375
0 0 0.384042428125 0.0073332296875 0.38066944999999996 0.21886815624999997 0.47135198906250003 0.24230167656249998 0.41662458437499994 0.0057175265625 0.3102674984375 0 0.3134460921875 0 0.384042428125
0 0 0.304385225 0.0085028046875 0.3015890390625 0.2391820796875 0.3989133828125 0.260851553125 0.33825272812499996 0.01320046875 0.23437513281250003 0 0.2395922671875 0 0.304385225
0 0 0.2272785765625 0.025288635937499998 0.217283921875 0.2484290625 0.3289542765625 0.26099989218749997 0.273784028125 0.0402362453125 0.1592798953125 0 0.1730478921875 0 0.2272785765625
0 0.7691147875000001 0.57877366875 0.535037496875 0.498894809375 0.48566359531250003 0.5818713875 0.7084696984375001 0.667152084375 0.7691147875000001 0.57877366875
0 0.7705445109375 0.5583172609375 0.7886858953125 0.485790090625 0.5769467265625 0.39802989218749996 0.47312929375 0.449480234375 0.493146534375 0.5059790234375 0.578970921875 0.46258716250000004 0.7705445109375 0.5583172609375
0 0.7788444359375 0.47073552812499997 0.8149788640625 0.390149878125 0.572007175 0.312839084375 0.493647459375 0.3741192921875 0.5081683203125 0.41574065468750004 0.58095748125 0.3718173703125 0.7788444359375 0.47073552812499997
0 0.8133448937500001 0.4135286234375 0.8393594468750001 0.3530451 0.5881802671874999 0.23730099999999998 0.4847713265625 0.2829066546875 0.4921618328125 0.33302934375 0.48720401718749995 0.3416192328125 0.5754051921875 0.2953935953125 0.8133448937500001 0.4135286234375
0 0.8291094953125 0.3438352265625 0.8384865546875 0.3031881234375 0.61046248125 0.167873309375 0.5007401734375 0.21029091718749998 0.5039898468749999 0.25731411875 0.599655696875 0.22897681093750002 0.8291094953125 0.3438352265625
0 0.8192121265625 0.26723430625 0.8355152968749999 0.2210082296875 0.6222905 0.0921580828125 0.5088358484375 0.12563152187499999 0.5144623109375 0.169820946875 0.615828790625 0.1534387296875 0.8192121265625 0.26723430625
0 0.8852063749999999 0.6010904671875 0.8185445984375 0.55734344375 0.8063822578125001 0.6066690046875001 0.8771848625 0.6535155109375 0.8852063749999999 0.6010904671875
0 0.9060588640624999 0.552119178125 0.8467316859375 0.4969484890625 0.8142736906250001 0.52493195625 0.877537453125 0.586124471875 0.9060588640624999 0.552119178125
0 0.9795190421875001 0.41407521718750007 0.9820998265625001 0.36483090625000003 0.8663210640625 0.3101842078125 0.8498136453124999 0.3593326359375 0.8472326140625001 0.3650887515625 0.9795190421875001 0.41407521718750007
0 0.9848719953125 0.31193476875 0.8664694000000001 0.24571551406249997 0.8523387703124999 0.29203016718749997 0.9825188062500001 0.3568363 0.9848719953125 0.31193476875
0 0.6546184187499999 0.034862615624999996 0.8567762828125 0.1661922546875 0.8844248 0.082329984375 0.7328416359375 0.0210537 0.6833671265625 0.0190367421875 0.6546184187499999 0.034862615624999996
0 0.001467521875 0.1029874390625 0.02972614375 0.0914460109375 0.244380665625 0.1998397515625 0.2565430078125 0.150514184375 0.049018834375 0.033619125 0.005218715625 0.049315581250000004 0.001467521875 0.1029874390625
0 0.3802304546875 0.5629197796875001 0.23760401406249998 0.483838484375 0.22815278437500003 0.5567199359375 0.3542159015625 0.6234033 0.3802304546875 0.5629197796875001
0 0.1589140703125 0.0036987656250000002 0.12029191875 0.0027998249999999997 0.1031280421875 0.0387557 0.26699720625 0.1568017203125 0.30211040312500004 0.0908277890625 0.1589140703125 0.0036987656250000002
0 0.4255000546875 0.2892823203125 0.286810196875 0.21622284687499999 0.28211253593749996 0.283436753125 0.3895698734375 0.366945625 0.4255000546875 0.2892823203125
0 0.43346565625 0.175310921875 0.2957228640625 0.1198740796875 0.28396901875 0.1633549578125 0.42605688906249994 0.2189689375 0.43346565625 0.175310921875
0 0.5611273328124999 0.7490653921875 0.6094058375 0.7129348828125 0.40401656093750005 0.44080133750000006 0.3796918859375 0.5394524640625 0.4230502171875 0.667238890625 0.5611273328124999 0.7490653921875