0 0.0026592640625 0.076151359375 0.1760439296875 0.0722460125 0.17125478593750001 0.013879609375 0.0011783125 0.0337424578125 0.0026592640625 0.076151359375
0 0.290099528125 0 0.2331034859375 0.0066564390625 0.24852811875 0.06660015625 0.4185841578125 0 0.290099528125 0
0 0.560837559375 0.2923315859375 0.3797269703125 0.3163024921875 0.3823771109375 0.3949365359375 0.55949260625 0.3686127921875 0.560837559375 0.2923315859375
0 0.014994423437500001 0.429384090625 0.1242013 0.416630065625 0.12184413593750001 0.3407812203125 0.012346906250000001 0.35356915624999996 0.014994423437500001 0.429384090625
0 0.3386309046875 0.38876790781250004 0.18411426718749999 0.39835531562500004 0.18423419375 0.4885625 0.3329046828125 0.476838434375 0.3386309046875 0.38876790781250004
0 0.59362406875 0.497139028125 0.4017001171875 0.5251922171875 0.409996634375 0.586250353125 0.5895491359375 0.565280821875 0.59362406875 0.497139028125
0 0.23113664531250003 0.6494301984375 0.0297744046875 0.62872828125 0.0372243828125 0.699552175 0.2307638265625 0.7171396296875 0.23113664531250003 0.6494301984375
0 0.5759125828125 0.578151053125 0.33781878125000003 0.6482486765625 0.346115290625 0.7093068171875 0.586259925 0.6587055687500001 0.5759125828125 0.578151053125
0 0.359525353125 0.5695894874999999 0.20042768125000002 0.571253671875 0.2013199640625 0.63317653125 0.36071061875 0.6342975453124999 0.359525353125 0.5695894874999999
0 0.016011684374999998 0.4585146703125 0.0180701140625 0.517460384375 0.020446759375 0.5400541671875 0.217380165625 0.5720932390625 0.23071038124999999 0.502870540625 0.016011684374999998 0.4585146703125
0 0.1597044296875 0.5760096484375 0.02197746875 0.5546060046875 0.028764696875000002 0.6191294015625 0.1440304109375 0.6229507734374999 0.1597044296875 0.5760096484375
0 0.49659149999999996 0 0.329681640625 0.05430301093749999 0.3410011125 0.1262857515625 0.5146009015625 0.0665396546875 0.5058053734375 0 0.49659149999999996 0
0 0.3036736390625 0.0742569015625 0.1441897828125 0.0900632453125 0.146253971875 0.16312689687499998 0.306030803125 0.1501057453125 0.3036736390625 0.0742569015625
0 0.509926659375 0.075543784375 0.364678665625 0.13761756875 0.384081521875 0.1973786203125 0.5175440171875 0.1479588859375 0.509926659375 0.075543784375
0 0.602653178125 0.7611092937499999 0.3178834171875 0.79718631875 0.3255007765625 0.869601428125 0.602187153125 0.8457460843750001 0.602653178125 0.7611092937499999
0 0.264788721875 0.80902595625 0.047328440625 0.7956073421875 0.055306204687500006 0.8714486671874999 0.26421612968749997 0.8570228359375 0.264788721875 0.80902595625
0 0.36365373125 0.715716775 0.1915054515625 0.7358215859375 0.20038791875 0.8024501203125001 0.36474578750000003 0.7973521953125 0.36365373125 0.715716775
0 0.008417471875 0.241044840625 0.1968318140625 0.21642768124999998 0.1949673953125 0.1630765890625 0.0058647625000000005 0.1679448265625 0.008417471875 0.241044840625
0 0.5676825546875001 0.393031015625 0.2951111890625 0.5094463734375 0.2969756078125 0.5627974671875 0.56809545625 0.4860234 0.6311245890625 0.46174589531250004 0.62467913125 0.400471571875 0.5676825546875001 0.393031015625
0 0.6754564281250001 0.0815866453125 0.614264990625 0.0520806953125 0.6102832625 0.1032951375 0.6714746984375 0.132801084375 0.6754564281250001 0.0815866453125
0 0.681982046875 0.4642645984375 0.646718765625 0.4852993953125 0.67235394375 0.5330549421875 0.7150214515625 0.5111554265625 0.681982046875 0.4642645984375
0 0.792699353125 0.6261377390625 0.7242102515625 0.6341364265625 0.749166275 0.693248934375 0.8158043171875 0.685466428125 0.792699353125 0.6261377390625
0 0.6887315015625 0 0.692488759375 0.011931584375 0.738964946875 0.026239621875 0.736204796875 0 0.6887315015625 0
0 0.74551696875 0.12415385625 0.696896746875 0.10727680312500001 0.7049002875 0.16554974375 0.7421211921875 0.1809386828125 0.74551696875 0.12415385625
0 0.7672636265625 0.2061964765625 0.70383495 0.1910488703125 0.7165127328125 0.24031768437499998 0.7743882359375001 0.25611383593750003 0.7672636265625 0.2061964765625
0 0.6766416875 0.14629470312499998 0.6249053046874999 0.1354204046875 0.627062696875 0.19155669375 0.6806501390624999 0.2022148125 0.6766416875 0.14629470312499998
0 0.8437164984375001 0.48766718124999997 0.788184796875 0.494152603125 0.7990115234374999 0.543637596875 0.8508411109375 0.5375845359375 0.8437164984375001 0.48766718124999997
0 0.7899560078125 0.56443105625 0.7249692546875 0.5522848265625 0.7329727890625 0.61055776875 0.7918204265625 0.6177821453125001 0.7899560078125 0.56443105625
0 0.6077934484374999 0.667468365625 0.40690719062499997 0.699387653125 0.412766696875 0.7550915828125 0.623400984375 0.7445891375 0.6829277734375 0.740456553125 0.6771614703125 0.667825265625 0.6077934484374999 0.667468365625
0 0.77655343125 0.5040606624999999 0.7177847453124999 0.487000525 0.72379255 0.5441142578125 0.7773256390625 0.5617858484375 0.77655343125 0.5040606624999999
0 0.8353689093750001 0.156280396875 0.799887353125 0.1464687734375 0.80182719375 0.19010216093750001 0.8381374203125 0.2077915359375 0.8353689093750001 0.156280396875
0 0.6857777609375 0.3212796890625 0.646030525 0.3338962171875 0.6553435328125 0.384643046875 0.701013771875 0.36535388125 0.6857777609375 0.3212796890625
0 0.7567597765625 0.4166588078125 0.705712675 0.422620484375 0.7172291546875 0.46912270781250004 0.760215690625 0.462108771875 0.7567597765625 0.4166588078125
0 0.7610157875 0.0792376828125 0.7013430796875 0.028391353125 0.6591946531249999 0.0811609796875 0.758134359375 0.12742140468750002 0.7610157875 0.0792376828125
0 0.7429148125 0.7177318625 0.7143942984375 0.710615915625 0.722832071875 0.7688289890625 0.7669944578125001 0.7706358953125 0.8135582031249999 0.751268759375 0.8019953531249999 0.707349715625 0.7429148125 0.7177318625