0 0.27225296875 0.48670488437500004 0.084863753125 0.4892076078125 0.008900090624999999 0.5098858109375 0.009025865625 0.5170914515625 0.0245847125 0.5537012921875 0.1024233078125 0.538066390625 0.2581296234375 0.543063328125 0.27225296875 0.48670488437500004
0 0.2747864265625 0.4163482046875 0.07598205 0.4327141296875 0.007877740625 0.451315415625 0.0082542546875 0.472885928125 0.020274900000000002 0.49891588125 0.0949102625 0.4784586625 0.28197914687500003 0.4564998109375 0.2747864265625 0.4163482046875
0 0.015149690625 0.18761779375 0.0035231718750000003 0.2018424203125 0.0048496015625 0.277833459375 0.0398728421875 0.24036143281250003 0.23975466875 0.237691865625 0.23454212812500003 0.1970715375 0.015149690625 0.18761779375
0 0.550322815625 0.3343843015625 0.465961278125 0.3850465953125 0.483666428125 0.42550007343749996 0.55585568125 0.3944607578125 0.64618689375 0.3786590109375 0.63823704375 0.34426718749999996 0.550322815625 0.3343843015625
0 0.3152054265625 0.473747328125 0.3196608421875 0.5201274359375 0.4619426890625 0.5031895671875 0.45169232968750006 0.44981034218750005 0.3152054265625 0.473747328125
0 0.3067314015625 0.3557712078125 0.31118681718749996 0.402151315625 0.4578949484375 0.3953268125 0.458768553125 0.344894996875 0.3067314015625 0.3557712078125
0 0.28104727343749997 0.24465916562499998 0.2850367609375 0.279988446875 0.444091909375 0.2814023984375 0.44680009531250003 0.23890715624999997 0.28104727343749997 0.24465916562499998
0 0.261769615625 0.14319176875 0.2611872140625 0.1768129828125 0.42679443125 0.179466278125 0.4221934171875 0.141491471875 0.261769615625 0.14319176875
0 0.6083595796875 0.13369769843749998 0.6124946640625 0.16062167656249998 0.7228024109375 0.1679940703125 0.718958525 0.12425949218750001 0.6083595796875 0.13369769843749998
0 0.8036404125000001 0.2827923109375 0.80946448125 0.32605816875000004 0.8946122703125001 0.30590282968750004 0.893505696875 0.255939734375 0.8036404125000001 0.2827923109375
0 0.6626107421875 0.34128796562499997 0.6684348109375 0.384553821875 0.7724816859375 0.373876275 0.76712355 0.3416612515625 0.6626107421875 0.34128796562499997
0 0.6470022453125 0.255693715625 0.6470313703125 0.291960453125 0.7454580296875 0.3021452265625 0.7457201078125 0.2490678828125 0.6470022453125 0.255693715625
0 0.0438914546875 0.311957453125 0.0060432609375 0.34621819375 0.0067118859375 0.3845236734375 0.08445605625 0.3609512703125 0.2585955265625 0.364375171875 0.2504709515625 0.3021219140625 0.0438914546875 0.311957453125
0 0.012645335937499998 0.1045022125 0.0251670734375 0.1406021046875 0.20996458125 0.13592258906250002 0.20810087500000002 0.0917192734375 0.012645335937499998 0.1045022125
0 0.4886168546875 0.1397197703125 0.4950524484375 0.1856311484375 0.6038459390625001 0.2045231078125 0.59741034375 0.158611728125 0.4886168546875 0.1397197703125
0 0.6077771765625 0.1673189125 0.6131353125000001 0.1995339359375 0.7319753140625 0.2076769484375 0.7327033171874999 0.165650428125 0.6077771765625 0.1673189125
0 0.7986899703125 0.378833628125 0.795981784375 0.421328871875 0.88022685 0.41533861875 0.9071631328124999 0.37826945156249997 0.7986899703125 0.378833628125
0 0.9082405874999999 0.39196580625 0.8982232031249999 0.4389814875 0.9658696921875001 0.44250084375 0.991117 0.3890898046875 0.9082405874999999 0.39196580625
0 0.9152003375 0.331722496875 0.9854183703125001 0.3273032515625 0.978131165625 0.2957780953125 0.9144140859375 0.3012155421875 0.9152003375 0.331722496875
0 0.6518362328125 0.39406342968749997 0.6515741562499999 0.4471407734375 0.7218123546874999 0.452836921875 0.7694531765625 0.3969153875 0.6518362328125 0.39406342968749997
0 0.759610478125 0.09231452968750001 0.7709091640625 0.123123371875 0.8486021578124999 0.1158937765625 0.8479615078125 0.0769815125 0.759610478125 0.09231452968750001
0 0.9074834390625 0.2079866 0.9576163109375001 0.20702883437500003 0.9512736593750001 0.1795899046875 0.9019796953125001 0.184176871875 0.9074834390625 0.2079866
0 0.7767332296875 0.1663892203125 0.784071553125 0.198135521875 0.8678506890625 0.18109443281249998 0.8586777874999999 0.1414115625 0.7767332296875 0.1663892203125
0 0.0470364375 0.24424629687500002 0.0545494890625 0.30385403125 0.2553340421875 0.287019378125 0.254081865625 0.2454615921875 0.0470364375 0.24424629687500002
0 0.021466907812499998 0.6036955640625 0.10187003125 0.6079543421875 0.2621482328125 0.6146593421875 0.2774946328125 0.5635919484375 0.090862546875 0.56033489375 0.011390165625 0.5601025953125001 0.021466907812499998 0.6036955640625
0 0.5357626703125 0.415958653125 0.47472649999999994 0.486212109375 0.602098753125 0.4951257296875 0.6419644515625 0.4326738109375 0.5357626703125 0.415958653125
0 0.6205027859375 0.45728595624999996 0.6039333328125001 0.5030623015625 0.7017484609375 0.510601546875 0.7268501671875 0.46559581406249995 0.6205027859375 0.45728595624999996
0 0.5238815625 0.22903203749999998 0.5190475953125 0.2804013109375 0.6176198546875 0.2821807828125 0.616979203125 0.24326852031250001 0.5238815625 0.22903203749999998
0 0.641823440625 0.27231415625 0.5192360484375 0.2872981328125 0.46870720156249995 0.3413599046875 0.46951274062500004 0.3902871515625 0.5372873015625 0.3426684203125 0.639956075 0.3323993828125 0.641823440625 0.27231415625
0 0.20559104687500002 0.6913328640625 0.25611989375 0.63727109375 0.090582971875 0.6027784546875 0.032233134375 0.650271315625 0.0356230609375 0.66493645625 0.20559104687500002 0.6913328640625
0 0.29781929375 0.5294655203125 0.2933115625 0.5773679734375 0.4388806359375 0.57239928125 0.45021333593749996 0.531554521875 0.29781929375 0.5294655203125
0 0.592704796875 0.11446872187499998 0.48462776406249997 0.10188944687499998 0.4326530359375 0.1298041953125 0.442157303125 0.1709205734375 0.49753546093749995 0.13526161875 0.5916910125 0.14940160156249999 0.592704796875 0.11446872187499998
0 0.44623056875 0.2896469203125 0.2853098453125 0.2843723421875 0.29179085625 0.3348775859375 0.44863832031250006 0.3393817046875 0.44623056875 0.2896469203125
0 0.4593917203125 0.40275279062499997 0.3036847671875 0.40318263906249996 0.3043002859375 0.46201488125 0.45640467500000004 0.45723385937499994 0.4593917203125 0.40275279062499997
0 0.2685099390625 0.3577348625 0.051432612499999995 0.362283828125 0.061715323437500004 0.4292356203125 0.26883580625 0.4096970890625 0.2685099390625 0.3577348625
0 0.1617544921875 0.6935064796875 0.0397651828125 0.6828556828125001 0.0519062890625 0.735379290625 0.10212204531249999 0.7388456984375 0.1617544921875 0.6935064796875